% from location i,to location j,time [sec],distance [meters]
0,0,0,0.0
0,1,738.7207697482836,8994.001138517739
0,2,472.7848124188728,6023.071762076541
0,3,1116.0193152278116,16973.723141688686
0,4,653.722079867396,9489.083695884205
0,5,1071.1267209150833,13610.783693711295
0,6,344.4739194913746,3572.673647338612
0,7,845.785181222288,13962.12705813708
0,8,1023.7815873682262,10416.153572622974
0,9,307.67664444502583,3249.8034193189533
0,10,979.536451157076,15474.09737640167
0,11,1044.8720809526023,14482.419943386778
0,12,240.29100113019012,3827.005221939638
0,13,826.668952644856,13815.266839845139
0,14,437.74693251083755,6503.751072825525
0,15,1068.3792452735142,14727.41925027301
0,16,564.5978313191806,6783.831259712332
0,17,852.8920217529063,10716.179840617688
0,18,670.0683110295307,7045.837583127281
0,19,850.2812152009919,12957.622391042174
0,20,679.6043059577653,9771.917983037869
0,21,782.5208966633804,11186.756775079271
0,22,1041.8626082751196,13506.763332973333
0,23,885.4327805746403,12535.159107722493
0,24,578.921637759491,9948.753400167607
0,25,442.64514419442366,7341.061482745467
0,26,530.6816779142588,8980.610431507568
0,27,890.488010931595,11260.372482116978
0,28,928.7600012528468,13324.593920890398
0,29,432.70642377506863,6117.128721620207
0,30,886.9906791854805,10267.278047559095
0,31,874.5993179592592,12530.257344721682
0,32,855.5357030423847,12207.109471426485
0,33,839.7944050055896,12613.753555464307
0,34,1168.9981050727808,17139.131802019492
0,35,943.8488614722812,14434.644179404178
0,36,413.56974600827056,6126.3701869831075
0,37,677.1276842283572,9767.781239877686
0,38,380.54854858135246,6212.570170940076
0,39,478.28513294115953,4954.460680800223
0,40,885.831515290574,12465.526445580468
0,41,697.9095113043609,10076.27192164413
0,42,821.2811804195394,7757.999141369357
0,43,846.8188175553031,11903.722371704112
0,44,1134.7426570927646,15836.380659815248
0,45,818.4508040203355,10701.047672174722
0,46,1089.642525077795,15125.299900837776
0,47,1001.3952986828353,15705.071690249628
0,48,839.4179776027507,13613.160824264534
0,49,198.64695810414472,2051.859896847619
0,50,424.93268063297205,4664.2707853106995
0,51,208.45274145487085,2560.8576957295522
0,52,1157.8489422691184,16431.513602226223
0,53,1300.0805579228143,18561.760529416428
0,54,249.0981133949476,3771.43977808891
0,55,706.5405714049806,7276.92942143134
0,56,606.9399370461919,7496.253331764645
0,57,702.0685835543018,10137.380279850518
0,58,1025.755213426934,13579.989306182064
0,59,1065.976602672897,14152.9575338491
0,60,1038.1729526545155,16055.596024138371
0,61,1095.6976800979678,15909.602674576941
0,62,1102.7423456998392,14762.126029748339
0,63,454.2687054447583,6283.948982824751
0,64,478.28513294115953,4753.535604834296
0,65,1105.7921594883715,16971.29175470106
0,66,805.8331700462746,10124.313835832181
0,67,331.89991713319586,3366.336765655109
0,68,910.5945518946553,12719.979583206223
0,69,462.36058310361733,5824.402252726167
0,70,750.596387372336,8342.188771945723
0,71,894.5421100099784,12334.379328593248
0,72,687.569181939258,10080.538764759573
0,73,687.5183004263426,9751.532841551772
0,74,1034.6739898861713,15070.438158797087
0,75,914.1009592231072,11384.01499593009
0,76,556.2145317560521,6116.901533055334
0,77,734.430564688795,12372.952985030413
0,78,1029.3881025283251,13177.112706733415
0,79,421.69587437166206,6849.460898380549
0,80,249.56904875353442,2352.6818824420266
0,81,787.6442390790638,11284.912895964251
0,82,1120.370143800752,15940.382791610811
0,83,172.33651106970075,1337.730084086464
0,84,1150.918110824358,17025.078845472384
0,85,1363.3868831462728,16126.701984096766
0,86,714.2022487463527,12334.748513589951
0,87,575.7209416065756,6446.411743572729
0,88,1126.8362980067345,15824.664611221247
0,89,675.1519690341463,7590.171594678539
0,90,936.5002795707578,12762.673034137804
0,91,991.2250103336137,14854.538142464346
0,92,1194.6547086043702,17544.223169069577
0,93,822.024120443164,10504.569081536247
0,94,1007.1622552533929,15624.166695868074
0,95,1179.6537707089212,16570.341198659837
0,96,1278.3600103625672,17943.40078793064
0,97,361.64594213116743,5933.3191444556305
0,98,991.959676000667,12828.704200343813
0,99,1002.5787897310912,15518.646771240192
0,100,165.401568815184,1133.399995123136
1,0,749.9207697482839,8994.001138517739
1,1,0,0.0
1,2,664.6896488818121,8198.238169063507
1,3,595.6241516907513,8158.983751820241
1,4,477.92691633033604,4958.771085385136
1,5,771.555782794999,8591.226657741747
1,6,677.2787559543148,8219.520202476675
1,7,879.6900176852278,9263.858026515481
1,8,420.78642383116556,2392.029128450856
1,9,461.18148090796603,5760.309029249521
1,10,459.14128762001553,6608.72798017855
1,11,699.8769174155419,8699.511230007602
1,12,518.5898724052375,6316.2467363461365
1,13,913.1737891077959,9886.037551199124
1,14,629.6517689737774,7741.1096344422385
1,15,544.9840817364543,5858.867761375053
1,16,406.70266778212056,4030.977934694484
1,17,380.59685821584617,2822.981696253081
1,18,245.17314749247058,2106.6722509189008
1,19,508.18605166393206,5470.841680013109
1,20,337.50914242070513,3614.9978052241117
1,21,603.7257331263203,6131.817084699582
1,22,391.76744473805957,4517.973599308975
1,23,336.83761703757983,4176.35779046767
1,24,665.4264742224309,7479.551777059868
1,25,455.9499806573634,5348.880990691717
1,26,596.8856388932621,6584.358289883538
1,27,233.29284739453445,2326.9163184805934
1,28,585.2648377157867,5370.609509691866
1,29,624.6112602380083,6876.751291619117
1,30,526.6955156484204,4413.67708776293
1,31,354.20415442219877,4072.7176846814236
1,32,513.4405395053248,5338.480399651359
1,33,319.39924146852917,3973.44099446936
1,34,684.7029415357218,8188.853371683102
1,35,537.3536979352215,5988.578343217812
1,36,574.1745824712107,5852.294301219401
1,37,525.1325206912973,5527.273104240091
1,38,524.2533850442924,6084.751369960903
1,39,616.5899694040993,6127.757052435297
1,40,550.8363517535136,6100.488497704548
1,41,390.41434776730046,3970.3328105794044
1,42,349.1860168824793,2511.138486996572
1,43,394.42365401824287,4590.777254999906
1,44,610.7474935557036,8030.672268673548
1,45,316.95564048327503,3249.9934023312007
1,46,665.9473615407346,7625.018405741843
1,47,481.00013514577495,6812.424611382319
1,48,835.9538628538013,8900.116959061237
1,49,857.5517945670848,9855.789979611282
1,50,412.0738780312884,4962.252662927157
1,51,619.3575856268242,7084.029308522396
1,52,637.453778732058,7902.966064059299
1,53,779.6853943857529,9644.71068426734
1,54,509.7827601411255,6261.303451117972
1,55,475.7454078679206,5759.804410791876
1,56,229.93842214906815,2001.2876137877092
1,57,359.9734200172416,3664.7939659938716
1,58,602.0600498898738,6828.254692356247
1,59,448.8814391358366,5180.912841016003
1,60,517.7777891174552,7208.351012108096
1,61,575.302516560908,7270.323760557382
1,62,578.7471821627784,7108.403153185018
1,63,646.1735419076981,7843.024417450321
1,64,616.5899694040993,6139.91703336247
1,65,585.3969959513109,7997.03174731582
1,66,333.5380065092143,3043.606215081698
1,67,782.2159674623725,9463.044517097705
1,68,635.7868415322938,6991.448186976869
1,69,366.4654195665575,3833.7321794368286
1,70,232.4012238352759,2320.20394511853
1,71,324.4652264108371,3879.258074149385
1,72,359.3437917393409,3661.3864999384173
1,73,270.826679665085,2466.1315250038733
1,74,679.3855454154292,7154.97598838479
1,75,248.4057956860468,2398.3573562697243
1,76,349.40638129841955,3202.2793721350477
1,77,864.2354011517348,9501.994114414398
1,78,671.2929389912646,7369.910883581707
1,79,605.3901460337181,7374.954295370574
1,80,894.0738852164745,9938.34087257482
1,81,615.4490755420038,6247.775510113924
1,82,704.674980263692,7919.800976428446
1,83,751.0413475326409,8838.988747937266
1,84,709.4229472872981,8452.98485157715
1,85,842.9917196092125,7187.143135835741
1,86,773.6349068502649,8511.412645928998
1,87,280.12577806951555,2591.0909039303706
1,88,606.4411344696738,7445.0302380222865
1,89,250.2568054970861,1810.0107558899479
1,90,521.5051160336973,5760.623670676495
1,91,549.7298467965538,6151.796059752187
1,92,710.3595450673116,8571.588814659583
1,93,349.7289569061037,3267.7456514317014
1,94,486.7670917163324,6708.8782995824795
1,95,681.5586071718618,7577.093599184955
1,96,757.9648468255065,8953.164354010707
1,97,553.5507785941074,7065.070628742325
1,98,499.064512463606,5406.251373371191
1,99,482.1836261940308,6690.222098260907
1,100,728.30842065943,8508.65642729482
2,0,501.667145855965,6023.071762076541
2,1,624.9719823189047,8198.238169063507
2,2,0,0.0
2,3,993.170527798433,14355.421802072055
2,4,459.96587202327856,5378.164317398651
2,5,1002.8021589026807,15879.47104594068
2,6,276.8251320619959,2466.735917323754
2,7,634.0540603558164,8657.495003483804
2,8,848.4327999388472,8126.683966506839
2,9,409.427857015647,5106.892732350045
2,10,856.6876637276973,13119.727006880124
2,11,931.1232935232237,16343.18669102051
2,12,291.74221370081136,3107.3701293545187
2,13,614.9378317783844,8245.023405526445
2,14,91.0158116443662,750.4942510208019
2,15,954.6304578441353,13721.881844113874
2,16,328.3043163139857,4191.451504071569
2,17,739.1432343235276,10911.593978680427
2,18,556.3195236001519,7386.326654470202
2,19,736.5324277716131,13573.160711402823
2,20,565.8555185283865,10952.950424642886
2,21,570.789775796909,6632.074753590369
2,22,909.3909962412648,12105.414568350976
2,23,763.5927269093289,9874.502697207114
2,24,353.99051689301984,4502.0269863157255
2,25,243.19635676504484,3275.036703574849
2,26,318.9505570477875,3872.0382162498886
2,27,753.1392235022158,9711.178017319091
2,28,815.011213823468,13557.775713679755
2,29,186.07346625354404,1350.1988438945123
2,30,773.2418917561017,11715.845665391378
2,31,751.7505305298805,9978.459815617398
2,32,741.7869156130059,13231.661362941288
2,33,716.9456175762109,10269.640381565521
2,34,1055.249317643403,15732.409328649941
2,35,830.1000740429024,14144.735279271736
2,36,275.32095857889175,2356.2178337805694
2,37,491.1965633618861,5326.499910906465
2,38,181.09976115197372,2142.8925157994863
2,39,802.4363455117809,8612.159607141048
2,40,740.6048200456326,8298.568412509903
2,41,498.46072387498197,6633.601145427394
2,42,739.8323929901608,8738.440881262326
2,43,647.3700301259241,8528.231073141562
2,44,964.6938696633853,12077.437674954384
2,45,619.0020165909565,7860.546431172944
2,46,975.893737648416,15780.329894216376
2,47,878.5465112534566,13401.398136955117
2,48,627.6868567362792,8360.90403440763
2,49,451.69817067476595,4844.573063825432
2,50,561.2838932035935,7229.883073634712
2,51,605.6039540254918,6886.042647896529
2,52,1028.40015483974,13372.86180404876
2,53,1177.2317704934353,17228.454388667586
2,54,300.5493259655688,3225.5928826565855
2,55,701.7917839756021,10385.569599098493
2,56,501.39114961681327,6202.063808561928
2,57,588.319796124923,11195.02726887698
2,58,912.0064259975552,14759.697641853121
2,59,943.1278152435184,12822.897990274321
2,60,915.324165225137,13597.553807891016
2,61,972.8488926685898,13069.983798385458
2,62,912.1935582704601,11025.929066335097
2,63,107.53758457828697,495.6621088165805
2,64,802.4363455117809,8426.95707913602
2,65,982.9433720589926,14895.86782125982
2,66,692.0843826168959,10802.943418816301
2,67,300.96234357005375,3291.7730407742415
2,68,698.863431028184,8121.536419724025
2,69,356.8117956742386,4576.126380837761
2,70,669.1475999429575,9154.018227309203
2,71,752.1116025185188,9824.5119595119
2,72,488.120394509879,6839.722343858714
2,73,573.769512996964,10238.15695672073
2,74,920.9252024567925,15351.491748036315
2,75,769.5521717937287,10012.390738813634
2,76,546.0657443266733,7257.11060747265
2,77,477.4994438223236,6633.125655675441
2,78,721.702890556267,8526.061904058657
2,79,129.5541887043071,1313.449160145522
2,80,427.0327013990998,4644.313039666707
2,81,575.9131182125924,6688.745851139305
2,82,1006.6213563713735,16116.589130373022
2,83,429.187723640322,4756.052329772938
2,84,1037.169323394979,16500.69752422357
2,85,1240.5380957168943,14820.260287054813
2,86,502.47112787988135,6917.83697615939
2,87,467.47215417719696,6149.691692019797
2,88,968.7875105773554,12642.80752694596
2,89,561.4031816047675,7957.570434995943
2,90,737.0514921413788,8933.975380975031
2,91,877.4762229042349,14181.47318336343
2,92,1080.9059211749923,15992.67142665007
2,93,708.2753330137853,11134.018548886883
2,94,884.3134678240142,13398.031476488746
2,95,1065.904983279543,14739.899507387006
2,96,1155.5112229331883,15958.555740024363
2,97,105.29715470178863,1135.3276856848256
2,98,792.510888571288,9284.457212054236
2,99,879.7300023017125,13071.060716935921
2,100,452.85479676711117,4889.980629879366
3,0,1122.4193152278108,16973.723141688686
3,1,578.8241516907511,8158.983751820241
3,2,1018.3881943613402,14355.421802072055
3,3,0,0.0
3,4,703.325461809864,9044.90217752189
3,5,800.2543282745269,12372.59014372088
3,6,1049.7773014338416,15390.524732030817
3,7,651.0885631647551,9234.771606298362
3,8,444.3849693106936,6607.969754328248
3,9,833.6800263874927,13730.70384738258
3,10,160.03451830790942,1565.5000583695326
3,11,728.5754628950698,11583.438275733546
3,12,891.0884178847645,13719.768704315826
3,13,632.2723345873229,10377.103563699218
3,14,983.3503144533055,13661.424684229014
3,15,395.6826272159823,4436.91114034679
3,16,759.7012132616485,10673.858611371154
3,17,603.2090378304479,7953.981804590369
3,18,623.1716929719985,10263.273946508101
3,19,651.7845971434596,8225.349339543342
3,20,716.2076879002325,9754.799401057282
3,21,711.6266317710787,8357.597542002428
3,22,359.9431656131107,4206.164152808071
3,23,373.83616251710765,4558.172003030691
3,24,872.8352379995947,11043.65479089679
3,25,773.2485261368915,11098.419279267495
3,26,860.4850598567265,10921.491964932253
3,27,427.6913928740623,5833.8885002968545
3,28,425.3633831953146,7368.646119581047
3,29,994.9098057175362,13075.913881404736
3,30,688.5107445728055,10109.401216200666
3,31,363.00269990172654,4509.7611072365
3,32,655.0390849848525,9126.590783151445
3,33,346.4030593072134,4366.440982268348
3,34,313.1014870152497,3508.7199113565653
3,35,388.29693407742235,6122.730126942854
3,36,924.4731279507387,12241.438473002367
3,37,750.0310661708249,9253.447665685768
3,38,847.1519305238205,12369.410129122263
3,39,989.0885148836279,14167.209143808746
3,40,566.3393228545721,6680.1749781910985
3,41,558.1128932468283,7721.8326439801085
3,42,823.484562362007,10283.020512865663
3,43,451.42219949777063,5860.127310128038
3,44,311.5319411052424,3718.1083458905077
3,45,473.65418596280296,6569.816208588504
3,46,652.6459070202621,8577.714443423843
3,47,136.59868062530276,1421.1054705754957
3,48,642.2213595452176,9104.134100509367
3,49,1230.0503400466112,17486.29494275738
3,50,784.5724235108166,13115.085692155299
3,51,991.8561311063529,15232.171693815291
3,52,144.152324211586,1479.987529439419
3,53,307.9839398652803,4403.506421839387
3,54,882.2813056206523,13705.991586603139
3,55,848.2439533474488,13212.017305024447
3,56,602.536967628596,9481.355389425122
3,57,738.671965496769,9465.960572280615
3,58,605.8585953694017,9588.633391090707
3,59,348.3799846153643,3964.7938139125827
3,60,103.97633459698307,961.3814896980629
3,61,141.60106204043572,1344.7045971765551
3,62,374.1516748527033,4182.611191031267
3,63,999.8720873872262,13875.950495883555
3,64,989.0885148836279,14208.306361657365
3,65,171.89554143083865,1566.2387146935762
3,66,648.236551988742,8883.908001064421
3,67,1154.7145129418993,16696.09858833612
3,68,619.397933837123,7489.147095213008
3,69,741.163965046085,11263.856386171414
3,70,752.8272478524938,9816.887149767292
3,71,382.94549195244576,4694.900203215745
3,72,527.0423372188687,7526.441917689603
3,73,649.5252251446125,8769.05752489701
3,74,514.477371828639,7592.278523852983
3,75,466.6043411655747,5825.20418516082
3,76,726.1049267779478,11354.084804107124
3,77,748.0072847505625,11337.19827601302
3,78,570.5914844707925,7388.6538897992
3,79,928.2886915132462,13120.036389836258
3,80,1266.572430696001,17499.28117275654
3,81,712.0476210215315,8371.756703923773
3,82,483.4735257432201,7520.478253461625
3,83,1123.5398930121676,16590.962223427417
3,84,428.32149276682617,5941.335673344711
3,85,412.1902650887405,3587.5674862668743
3,86,713.60563068882,10018.344864514522
3,87,658.1243235490433,10557.010926817671
3,88,227.6396799492016,2152.4209905896323
3,89,628.2553509766141,9890.119327780469
3,90,522.2036615132254,5799.210721862487
3,91,439.5283922760816,5194.208084255684
3,92,292.7199552040991,3254.226459022516
3,93,664.4275023856313,8681.086003997594
3,94,150.96563719586013,1587.1989711522488
3,95,226.55093840162075,2199.5317299802045
3,96,286.26339230503385,2264.6263888407925
3,97,907.2493240736355,13337.70272739754
3,98,486.16305794313394,5250.992503809574
3,99,138.38217167355862,1469.1107761473045
3,100,1100.8069661389566,16324.038610787627
4,0,654.3220798673963,9489.083695884205
4,1,478.4269163303359,4958.771085385136
4,2,464.0658720232786,5378.164317398651
4,3,725.4254618098639,9044.90217752189
4,4,0,0.0
4,5,1065.8570929141117,13549.011225292968
4,6,579.4800660734275,6878.267894212326
4,7,435.39132780434,4891.039149808018
4,8,536.9877339502782,3504.507670260706
4,9,478.28279102707836,6735.4861330738195
4,10,588.9425977391282,7913.79205270549
4,11,994.1782275346548,13611.21975553123
4,12,444.3971477122427,5687.3517230040525
4,13,474.57509922690815,5210.972294509308
4,14,449.35307909288997,4655.719169955407
4,15,775.1853918555669,9147.19706928857
4,16,246.65925032541702,2834.837916034797
4,17,795.9981683349589,7663.632040510325
4,18,522.7744576115831,5704.762533554671
4,19,799.5873617830442,10173.39827858915
4,20,628.9104525398176,8550.125578289888
4,21,162.5270432454329,1742.9049224447745
4,22,638.7459302526953,7439.092405375181
4,23,452.14766092075985,4716.938768394734
4,24,235.80269736389718,2610.1957831825566
4,25,226.5512907764762,2292.8136207461002
4,26,157.16273751866498,1995.7718448661412
4,27,490.89415751364714,5301.515641559564
4,28,878.0661478348991,9862.486815931263
4,29,460.91257035712084,4192.787549326377
4,30,836.2968257675328,9358.226311349285
4,31,459.89909699712865,4865.108780266135
4,32,804.841849624437,10216.147409298903
4,33,449.20055158764177,5237.7608126951845
4,34,814.5042516548344,10814.279200476281
4,35,863.9550080543341,9998.686991289369
4,36,396.6758925903231,3579.1090447806014
4,37,68.33383081040994,571.9579728872014
4,38,313.15469516340505,3617.96556154991
4,39,871.2912795232121,9194.07570610831
4,40,299.0376618726262,3052.6505494474513
4,41,187.01565788641312,1458.4437568021717
4,42,723.0873270015916,6926.562581889964
4,43,307.22496413735547,3185.1852637772117
4,44,647.2488036748167,6745.535824922515
4,45,307.55695060238764,2860.123334029371
4,46,1038.9486716598472,12149.866719456168
4,47,610.8014452648875,8203.323633015567
4,48,406.45517297291434,4511.927460195278
4,49,760.1531046861974,9283.956863652293
4,50,630.1388272150247,7613.946290198623
4,51,674.458888036923,8808.731194194273
4,52,716.9550888511708,8004.142570234645
4,53,909.4867045048655,12285.583707852222
4,54,453.20425997700016,5729.43602629759
4,55,747.8467179870333,9867.314240762265
4,56,341.24608362824443,3749.3110775160667
4,57,651.3747301363541,8621.381807287811
4,58,975.0613600089863,11651.328741166015
4,59,675.3827492549492,8130.32813346566
4,60,647.5790992365679,8343.834091594603
4,61,683.6906483742766,7734.586602317444
4,62,555.0484922818913,5677.848120951605
4,63,465.87485202681074,4886.838316961768
4,64,871.2912795232121,9098.684456958123
4,65,715.1983060704235,9729.972526552448
4,66,748.9393166283272,7999.677966971626
4,67,664.5172775814852,8130.518623435588
4,68,276.78815165140674,3238.1752877491695
4,69,344.2667296856699,4079.112422913277
4,70,646.8025339543883,7011.040717213472
4,71,440.6665365299497,4747.365616266821
4,72,176.6753285213103,1775.1854214370248
4,73,636.8244470083949,7424.818776814197
4,74,983.9801364682236,11488.416515323632
4,75,520.5071058051597,5678.370079667951
4,76,607.0206783381047,6402.47926083623
4,77,438.2367112708473,4567.075126351777
4,78,442.59424911037746,3697.940816847402
4,79,348.2663691751845,4100.899126566768
4,80,796.6751953355871,9206.622824244772
4,81,174.55038566111634,1854.2611685509605
4,82,1026.6762903828044,12111.77888700662
4,83,653.6426576517534,8653.456022742152
4,84,953.924257406411,12016.816308521837
4,85,972.7930297283252,9997.73340303792
4,86,329.33621696937735,3712.7104363048693
4,87,439.8270881886282,4795.912424409444
4,88,657.3424445887864,7268.55763482727
4,89,527.8581156161987,5963.13442175737
4,90,379.90642615281024,3577.162134743517
4,91,831.2311569156664,9775.65943213816
4,92,840.1608551864242,10997.85084708726
4,93,765.1302670252165,8204.024890468454
4,94,616.5684018354451,8227.98856308514
4,95,811.3599172909744,9674.14856240739
4,96,887.7661569446191,10794.568481085797
4,97,373.25208871321985,4462.421521446584
4,98,435.365822582719,3906.66172599251
4,99,611.9849363131434,7835.657787922527
4,100,630.9097307785426,8530.357797021437
5,0,1076.4509463320592,13610.783693711295
5,1,773.5557827949995,8591.226657741747
5,2,991.2198254655874,15879.47104594068
5,3,795.1543282745271,12372.59014372088
5,4,1071.557092914113,13549.011225292968
5,5,0,0.0
5,6,1003.8089325380901,14899.168541727917
5,7,1314.9201942690052,17552.091497914436
5,8,1057.2166004149417,10492.330281961691
5,9,787.7116574917411,11440.873546488963
5,10,801.6714642037916,11154.062591806687
5,11,117.40709399931822,1279.8475858345078
5,12,845.1200489890128,13103.468321331442
5,13,1296.1039656915734,18312.598468804565
5,14,956.1819455575527,15635.968029232356
5,15,600.6142583202304,7935.867295458742
5,16,977.4328443658965,12159.858119779194
5,17,546.9270347996221,6001.359868252135
5,18,743.3033240762469,8546.922318844057
5,19,474.6162282477079,4230.367741915563
5,20,549.039319004481,5071.16623316839
5,21,1197.3559097100965,14602.884291863375
5,22,754.7976213218354,8626.869510874654
5,23,958.6677936213565,11132.55821148361
5,24,1097.8566508062067,16055.916676072076
5,25,961.5801572411392,13654.36365804561
5,26,1049.6166909609742,15116.62310391019
5,27,841.7230239783105,9028.439606961449
5,28,394.6950142995627,5041.4835917340415
5,29,951.1414368217836,14728.747899425032
5,30,428.6256922321965,4259.852565449581
5,31,947.8343310059754,10915.068286818792
5,32,460.4707160891005,3594.331234794522
5,33,913.0294180523058,10507.146532074434
5,34,701.4331181194981,9679.608980857942
5,35,444.4285651816704,6268.806024115102
5,36,932.5047590549862,13759.145034656074
5,37,1118.762697275074,14116.192260064116
5,38,899.4835616280678,14015.459892858118
5,39,944.7201459878756,8661.830360430313
5,40,1144.4665283372901,14164.231978428428
5,41,984.0445243510768,12464.731371617272
5,42,777.8161934662553,7163.488707346894
5,43,988.0538306020189,12456.612875444898
5,44,975.3635722094905,14521.908546650979
5,45,910.5858170670513,11415.787139002468
5,46,324.37753812451047,4228.232378943536
5,47,807.430311729551,11122.318414962623
5,48,1306.0529906494664,17213.260331776757
5,49,1184.0819711508595,15376.672097491455
5,50,719.9040546150646,9239.294617315707
5,51,947.4877622106006,11052.301058976012
5,52,859.7839553158341,13145.917374718107
5,53,846.6155709695287,10257.625658341634
5,54,836.3129367249007,12999.352908801164
5,55,616.7755844516962,6339.238599677287
5,56,823.8685987328447,10177.380018761556
5,57,571.5035966010174,4942.315323626046
5,58,347.30209463404447,2786.2926837898253
5,59,687.5116157196126,8550.09183634604
5,60,803.0692807683234,11605.369515166683
5,61,857.3326931446838,12415.944833896887
5,62,1052.883305956951,14006.400948984281
5,63,972.7037184914734,15656.127053651519
5,64,944.7201459878756,8859.665777699407
5,65,738.2271725350869,11122.599337819827
5,66,500.2139005914619,5549.527919182996
5,67,1108.7461440461477,15812.980899896655
5,68,1229.4170181160707,15182.840618562408
5,69,831.7955961503335,11360.354484706731
5,70,647.0314004190518,6820.646981686786
5,71,967.7771230566946,10815.737679828359
5,72,952.9739683231172,12129.326019154654
5,73,534.7533134730585,6125.48225892223
5,74,426.7157219992054,5077.795067467729
5,75,857.4359722698229,8673.955074118001
5,76,675.3365578821957,8646.856347852647
5,77,1252.8655777355102,18073.723594885334
5,78,1234.423115575041,15481.333282487321
5,79,940.1308874183769,15412.18904005883
5,80,1220.6040618002494,15600.223569401149
5,81,1209.0792521257804,14712.092516785086
5,82,418.3051568474682,5608.165128479478
5,83,1077.571524116416,14274.235149094155
5,84,614.9531238710742,7650.413441167375
5,85,899.121896192989,9026.69221479492
5,86,1233.137261793068,17024.516813053575
5,87,723.6559546532916,9795.812140164078
5,88,943.2713110534497,13166.022882105568
5,89,713.7869820808622,8028.962662903695
5,90,1115.1352926174745,13541.297004518092
5,91,523.46002338033,7214.603294376492
5,92,727.0897216510879,10202.015463847512
5,93,530.0591334898796,5365.197239216393
5,94,769.6972683001084,10918.807657855177
5,95,712.0887837556381,10388.942193003804
5,96,900.5950234092819,11391.058784147706
5,97,880.0809551778827,14838.539244854495
5,98,1092.6946890473823,12969.058472725872
5,99,824.1138027778069,11378.94871543907
5,100,1054.838597243205,13844.221278071
6,0,344.4739194913747,3572.673647338612
6,1,666.0787559543146,8219.520202476675
6,2,320.3427986249036,2466.735917323754
6,3,1043.3773014338428,15390.524732030817
6,4,576.5800660734272,6878.267894212326
6,5,1043.9089325380905,14899.168541727917
6,6,0,0.0
6,7,768.6431674283189,10836.957525137452
6,8,951.1395735742572,8842.311063240244
6,9,323.13463065105685,3498.2143031609926
6,10,906.894437363107,14017.471674234655
6,11,972.2300671586336,15532.538277298569
6,12,165.44898733622117,1929.136540384785
6,13,749.5269388508868,10543.057178224826
6,14,285.30491871686837,3022.5346382816656
6,15,995.7372314795452,14043.761561969533
6,16,487.4558175252117,4718.872794388324
6,17,780.2500079589374,10637.405400462365
6,18,597.4262972355617,6833.443732540704
6,19,777.639201407023,13208.426533072936
6,20,606.9622921637964,10271.832234418715
6,21,705.3788828694113,8412.646472331022
6,22,969.2205944811508,12559.898576881016
6,23,812.7907667806713,10832.362822442015
6,24,501.77962396552203,6699.727094351366
6,25,365.5031304004547,4585.60235608398
6,26,453.53966412028984,5863.076358708113
6,27,817.845997137626,10152.92559966726
6,28,856.1179874588779,13351.17634176411
6,29,355.5644099810996,2866.8158501370253
6,30,814.3486653915116,10955.993308242681
6,31,801.9573041652902,10889.125968015967
6,32,782.8936892484159,12690.324313282048
6,33,767.1523912116206,11093.732465950286
6,34,1096.356091278813,16263.88641023503
6,35,871.2068476783123,14171.375231622305
6,36,336.4277322143016,3301.528073322591
6,37,599.9856704343885,7003.199166133999
6,38,303.4065347873835,3268.159328696017
6,39,712.0431191471905,6878.889083532578
6,40,808.6895014966052,9928.698799842678
6,41,620.7674975103921,7845.283370185603
6,42,752.5391666255703,8022.111104259205
6,43,769.6768037613343,9781.588996035936
6,44,1062.1006432987956,13586.792485406455
6,45,741.3087902263667,8829.519450645297
6,46,1017.000511283826,15447.359174495215
6,47,928.7532848888663,14282.064246665781
6,48,762.2759638087816,10513.293830361368
6,49,268.60494431017577,2499.8667208333823
6,50,481.7906668390033,5756.118214604835
6,51,451.71072766090185,4810.408672114505
6,52,1085.2069284751494,14587.468009697002
6,53,1227.4385441288453,17750.46090520071
6,54,174.25609960097864,2005.4914899666333
6,55,742.8985576110122,8935.888811911302
6,56,529.797923252223,6293.259735134632
6,57,629.4265697603329,10573.83869572975
6,58,953.1131996329651,14192.286543809021
6,59,993.3345888789281,13264.421056865844
6,60,965.5309388605467,14549.817673400685
6,61,1023.0556663039995,14182.195736120344
6,62,1030.10033190587,12508.119562164558
6,63,301.82669165078914,2779.8810078204096
6,64,712.0431191471905,6676.447346264886
6,65,1033.1501456944025,15702.315146790825
6,66,733.1911562523057,10321.862526269595
6,67,128.58696369859575,1305.701272169206
6,68,833.4525381006862,9957.573611676888
6,69,385.21856930964844,4396.898402796796
6,70,687.654373578367,8534.56742630396
6,71,821.9000962160094,10710.949700083738
6,72,610.4271681452892,7958.973262489509
6,73,614.8762866323738,9812.369689084016
6,74,962.0319760922024,15164.608345995757
6,75,841.4589454291382,10385.948045215599
6,76,483.57251796208305,6347.351713239134
6,77,630.6885508948258,8998.84078398932
6,78,952.2460887343562,10394.65164065463
6,79,269.2538605776929,3452.4384957413718
6,80,305.12703495956544,2365.5089223698324
6,81,710.5022252850947,8491.944741748017
6,82,1047.7281300067832,15987.272630624311
6,83,227.89449727573182,2289.4956027643034
6,84,1078.2760970303887,16670.30825891078
6,85,1290.744869352304,15293.288203714288
6,86,637.0602349523836,9134.041823941156
6,87,503.07892781260676,5748.0399739486975
6,88,1054.1942842127653,13900.790636631446
6,89,602.5099552401773,7443.119913513121
6,90,859.358265776789,10416.342903309831
6,91,918.5829965396448,14371.19169778424
6,92,1122.0126948104023,16590.170967240927
6,93,749.3821066491951,10686.705229249674
6,94,934.5202414594239,14244.470147375936
6,95,1107.011756914953,15437.523167976216
6,96,1205.7179965685982,16741.700698693505
6,97,264.60392833719834,2626.433306608193
6,98,914.8176622066982,10640.148316047093
6,99,929.9367759371222,14009.1488415207
6,100,251.56157040252094,2444.864982544359
7,0,870.8851812222873,13962.12705813708
7,1,878.7900176852279,9263.858026515481
7,2,608.2540603558164,8657.495003483804
7,3,638.488563164755,9234.771606298362
7,4,433.99132780434013,4891.039149808018
7,5,1307.1201942690036,17552.091497914436
7,6,796.0431674283183,10836.957525137452
7,7,0,0.0
7,8,780.35083530517,7079.162902953959
7,9,797.84589238197,11503.928350823793
7,10,736.7003843023856,8855.394070367493
7,11,1235.4413288895464,17367.391567250455
7,12,660.960249067134,10153.338255958623
7,13,164.63820058179954,1152.1136573482315
7,14,600.1161804477813,7939.756738679492
7,15,924.7484932104586,11425.511481628653
7,16,647.022351680308,7667.330593502283
7,17,1127.56126968985,11556.333173758456
7,18,923.1375589664749,10460.619704227682
7,19,1124.9504631379357,13680.905772930133
7,20,954.2735538947092,12830.103569786059
7,21,326.7924977655547,3239.5736917439954
7,22,883.409031607587,9845.257417379571
7,23,674.5107622756514,6747.803863162768
7,24,337.9011039940711,4160.647350786258
7,25,522.2180745680055,6665.580733916368
7,26,388.4509258512025,4999.039598320135
7,27,821.3572588685386,8567.245403277322
7,28,932.2292491897902,13140.76907108031
7,29,677.475671712012,7976.855583907379
7,30,1161.659927122424,13595.952856497513
7,31,698.4685658962029,6976.524642820867
7,32,1130.2049509793283,14007.151976049696
7,33,690.9636529425331,7441.881294019219
7,34,819.9673530097258,12195.280811620632
7,35,895.1628000718979,12776.431965474652
7,36,623.9389939452145,7836.4381168487425
7,37,418.7969321653013,4422.768420630322
7,38,529.7177965182963,7753.965850148874
7,39,1190.8543808781037,14084.107952922126
7,40,359.6051888490482,3429.4423027469084
7,41,529.4625604071923,5329.450936381048
7,42,1123.4504283564834,11558.10050000466
7,43,530.0880654922466,5145.342153609473
7,44,480.79780709971857,5625.7030730478955
7,45,658.420051957279,6150.159504534152
7,46,1159.511773014738,15283.788081982435
7,47,713.2645466197789,9120.744358372473
7,48,56.787225539694255,379.91137083487513
7,49,976.7162060410884,13336.648009072702
7,50,949.7019285699165,12504.973079684409
7,51,978.1219893918144,13609.407679953685
7,52,639.7181902060621,7786.286902269096
7,53,824.7498058597566,13450.90766930937
7,54,669.7673613318915,10222.249307851156
7,55,1090.2098193419245,14648.77298837132
7,56,741.6091849831361,8530.969926747068
7,57,976.7378314912456,12811.871330829736
7,58,1112.724461363878,15264.78940330173
7,59,917.1458506098406,10364.333969386964
7,60,680.6422005914592,8985.464239249945
7,61,671.466928034912,7975.5809106023
7,62,449.4115936367826,5065.915595544651
7,63,616.637953381702,8205.738366407764
7,64,1190.8543808781037,13989.687280293268
7,65,752.3614074253146,10521.68385747258
7,66,1080.5024179832185,12127.355449156847
7,67,855.2803789363762,11904.718824084719
7,68,259.16379983159925,2378.3755071100745
7,69,744.6298310405612,8940.916880677647
7,70,1047.16563530928,11530.313962496844
7,71,705.5113579469222,7004.9551204870295
7,72,570.2082032133449,5612.947656394086
7,73,962.1875483632865,11608.404852018617
7,74,1021.3432378231148,14440.849546685145
7,75,860.2702071600509,8942.623445971969
7,76,934.4837796929964,11248.406173002952
7,77,234.57315074503867,2594.683486383072
7,78,227.7032593596819,2152.4910274796894
7,79,547.1545575077221,7428.818165022051
7,80,981.3507367654224,13186.413491028761
7,81,314.7627208726917,3118.3064145560884
7,82,990.339391737696,14851.414988860624
7,83,870.2057590066445,12938.18403082007
7,84,935.1873587613027,14112.193712747832
7,85,919.0561310832165,11696.016426351049
7,86,162.77149668329653,1748.68478951532
7,87,840.1901895435196,9657.254618386829
7,88,604.9055459436778,7082.558481397901
7,89,928.2212169710905,10623.035819984052
7,90,436.26952750770147,4206.952458615829
7,91,958.8942582705578,12232.31153514871
7,92,799.5858211985752,12163.009545825762
7,93,1096.693368380108,12237.804614024379
7,94,727.6315031903363,9250.037635748677
7,95,879.7230186458659,10807.62107753542
7,96,803.0292582995102,11454.458360721392
7,97,589.8151900681113,8210.872556776212
7,98,502.6289239376101,4873.994196284827
7,99,715.0480376680348,8664.327996642509
7,100,847.4728321334336,12906.59911851295
8,0,745.7943396590279,10416.153572622974
8,1,202.19917612196727,2392.029128450856
8,2,641.7632187925558,8126.683966506839
8,3,487.0849693106936,6607.969754328248
8,4,427.8877339502784,3504.507670260706
8,5,789.6293527057434,10492.330281961691
8,6,673.1523258650587,8842.311063240244
8,7,778.8508353051697,7079.162902953959
8,8,0,0.0
8,9,457.05505081870996,7199.895232268093
8,10,350.6021052399579,5182.531791958029
8,11,717.9504873262863,10388.232882261023
8,12,514.4634423159815,7119.792477000872
8,13,830.3346067277377,7821.419252480544
8,14,606.7253388845211,7512.451956980963
8,15,536.8448993563966,5713.422440521118
8,16,383.07623769286454,4136.347375761064
8,17,519.7704281265901,4491.058332916607
8,18,246.54671740321447,4231.534381519826
8,19,523.359621574676,6803.634040763894
8,20,352.682712331449,5785.308386195236
8,21,495.98655074626254,4148.381862701589
8,22,403.30543775352527,4031.841230487008
8,23,256.49843465752235,2121.998272562628
8,24,655.5872918423731,6100.919013963205
8,25,396.6235505681074,4886.118577337539
8,26,585.0473319971409,5454.710555192203
8,27,267.6536650144768,1797.2527277161319
8,28,601.8384076265309,6414.878945535321
8,29,618.2848301487519,6785.400583479558
8,30,560.0690855591646,6531.776080382003
8,31,245.66497204214124,2116.3003742263872
8,32,528.6141094160687,6992.3602490829935
8,33,210.8600590884716,2257.393389840538
8,34,576.163759155664,7606.657078533126
8,35,653.5145155551636,6494.2199787802365
8,36,547.8481523819545,5846.433308921596
8,37,475.0933383112396,3996.4050249281395
8,38,470.52695495503633,6016.951675587196
8,39,612.4635393148432,8318.214772419817
8,40,432.0971693734557,3776.3486446830816
8,41,282.6751653872429,2123.553360751917
8,42,446.8595867932232,4896.094413372434
8,43,275.68447163818513,2201.235501228419
8,44,505.80831117564617,5773.820218500192
8,45,198.21645810321735,929.22852475668
8,46,762.7209314514788,8687.766786760749
8,47,372.46095276571737,5442.735879112728
8,48,727.4146804737438,6731.996177019063
8,49,853.4253644778288,10880.185075150834
8,50,407.94744794203234,6981.359065766537
8,51,615.2311555375682,8885.248372544065
8,52,528.9145963520006,6021.756224894626
8,53,671.1462120056952,9102.25874408336
8,54,505.6563300518694,7102.622858752838
8,55,471.61897777866454,8143.82437414471
8,56,225.91199205981204,2938.3524283162315
8,57,375.1469899279855,5743.003317186225
8,58,698.833619800618,8341.328245868888
8,59,437.04225675577874,4743.852249765533
8,60,409.2386067373976,5730.138814985934
8,61,466.76333418085034,5495.353742844654
8,62,473.8079997827208,4794.522923394248
8,63,623.2471118184418,7684.887671104437
8,64,612.4635393148432,8301.301171150255
8,65,476.8578135712534,6865.239827106077
8,66,472.71157641995825,5052.692067204705
8,67,778.0895373731165,10145.863123317687
8,68,527.2476591522363,4735.06081992058
8,69,364.53898947730147,4657.348288103285
8,70,370.5747937460198,4703.429314461351
8,71,265.60776409286046,1922.6476610487643
8,72,251.60460935928324,1774.5500095968266
8,73,360.59670680002665,4548.89184742067
8,74,707.7523962598553,7996.10056816928
8,75,306.2666133059892,2176.7336486578565
8,76,349.4799512091632,5291.367845924173
8,77,804.8962187716772,7715.944035758823
8,78,562.753756611207,5077.895250348897
8,79,551.6637159444622,7028.930142897432
8,80,889.9474551272185,10898.37520512842
8,81,507.7098931619459,4251.231579104777
8,82,788.3357978836342,8608.012963748712
8,83,746.9149174433849,9985.24854364726
8,84,715.5837649072407,8569.513878894317
8,85,734.4525372291552,6707.855794381002
8,86,693.2679028292345,6577.83040889427
8,87,281.4993479802594,4125.051717811594
8,88,497.9019520896162,5446.220207502892
8,89,251.63037540783,4111.3445697380075
8,90,412.9659336536397,3372.3840347111095
8,91,592.8906644164961,6296.853490691643
8,92,601.8203626872538,7868.892190400219
8,93,488.9025268168476,5159.04230528245
8,94,378.22790933627476,5402.198775181578
8,95,573.019424791804,6641.1601675434285
8,96,649.4256644454488,7912.382676257927
8,97,530.6243485048511,7028.060723338248
8,98,390.5253300835484,3022.1488761325436
8,99,373.64444381397317,5187.9020489235645
8,100,724.181990570174,9725.336692286783
9,0,307.6766444450259,3249.8034193189533
9,1,449.9814809079659,5760.309029249521
9,2,386.6455235785548,5106.892732350045
9,3,827.2800263874938,13730.70384738258
9,4,477.88279102707844,6735.4861330738195
9,5,827.8116574917417,11440.873546488963
9,6,323.13463065105685,3498.2143031609926
9,7,760.1458923819699,11503.928350823793
9,8,735.0422985279083,7199.895232268093
9,9,0,0.0
9,10,690.7971623167581,12226.19320406538
9,11,756.1327921122846,12128.94179854826
9,12,164.4457471019796,2000.025005920308
9,13,741.0296638045379,11560.401448734248
9,14,351.60764367051956,5219.506488364848
9,15,779.6399564331965,11548.157897650734
9,16,360.858542478863,3904.332703444343
9,17,564.1527329125885,7682.724132755506
9,18,381.32902218921305,3892.6972786492147
9,19,561.5419263606743,10096.30617400809
9,20,390.86501711744734,7006.95581448568
9,21,605.3816078230627,8477.68476282622
9,22,753.1233194348017,10278.03563067531
9,23,596.6934917343224,9321.876998999358
9,24,493.28234891917316,7822.4517090229665
9,25,357.00585535410585,4894.20259116736
9,26,445.04238907394097,6743.613321296148
9,27,601.748722091277,8012.264406319064
9,28,640.0207124125292,10362.837295718924
9,29,346.5671349347507,4470.259186652005
9,30,598.251390345163,7626.743796111297
9,31,585.8600291189413,9307.394083355173
9,32,566.796414202067,9462.89175597174
9,33,551.0551161652717,9376.038838699467
9,34,880.2588162324641,13932.941758735813
9,35,655.1095726319636,11370.28868582091
9,36,327.93045716795274,3966.123098342215
9,37,525.0883953880397,7117.052468142377
9,38,294.90925974103465,4157.720912878007
9,39,442.54584410084175,3509.305678781572
9,40,702.392226450256,9554.210872946816
9,41,514.4702224640429,7072.175202424544
9,42,536.4418915792216,4821.371683403895
9,43,626.079528714985,8808.844657950784
9,44,846.0033682524462,12738.6851444875
9,45,548.6115151800174,7546.646507279044
9,46,800.9032362374771,12317.566680641867
9,47,712.6560098425174,12455.999558650567
9,48,753.7786887624327,11134.635185646768
9,49,413.507669263827,4254.73650943682
9,50,201.39339179265434,2258.4821861515506
9,51,225.1134526145531,2115.387585969197
9,52,869.1096534288007,13221.6236660307
9,53,1011.3412690824954,15371.18876347214
9,54,155.63863483786753,1881.94745152546
9,55,483.0012825646629,5446.139192526171
9,56,351.90064820587423,4265.766516128428
9,57,413.3292947139838,7341.25457073308
9,58,737.0159245866163,10924.317755672393
9,59,777.2373138325792,10934.40716598482
9,60,749.4336638141978,12809.190385160282
9,61,806.9583912576505,12683.63784169928
9,62,814.0030568595209,11676.749305230282
9,63,368.12941660444034,5106.059909702647
9,64,442.54584410084175,3321.334976001741
9,65,817.0528706480534,13723.838208525203
9,66,517.0938812059567,7202.602279267263
9,67,411.96062829287814,4380.712929079193
9,68,708.2427162290363,9952.65375646733
9,69,224.42129426329961,2745.2347343071165
9,70,471.5570985320184,5384.253889620207
9,71,605.8028211696604,9110.195600727122
9,72,504.12989309894,7027.6716265364585
9,73,398.779011586025,6761.0064326981765
9,74,745.9347010458537,12152.098775744547
9,75,625.3616703827895,8142.364630106357
9,76,267.4752429157342,3107.303492123922
9,77,648.2912758484771,10344.47801994886
9,78,845.948813688007,10413.266845482423
9,79,335.55658553134407,5309.2203657550235
9,80,450.02975991321665,4402.091782094329
9,81,617.4049502387462,8587.244223702233
9,82,831.6308549604347,13006.822981390163
9,83,306.997222229383,3167.203540607638
9,84,862.1788219840404,13945.603976374648
9,85,1074.647594305955,12924.345941960246
9,86,628.5629599060346,10023.076774756431
9,87,286.9816527662578,3197.617569166606
9,88,838.0970091664163,12633.145295795563
9,89,386.41268019382863,4472.910402638189
9,90,753.0609907304398,9745.083260621359
9,91,702.4857214932961,11724.986438420005
9,92,905.9154197640539,14326.916217641054
9,93,533.284831602846,7581.147812039018
9,94,718.422966413075,12374.458470856423
9,95,890.9144818686042,13330.690793909638
9,96,989.6207215222489,14700.552119819142
9,97,275.50665329084944,4418.224938045399
9,98,730.7203871603487,9743.410272001924
9,99,713.8395008907733,12273.12202572811
9,100,284.26429535617217,2794.4758289486176
10,0,1007.6368863153159,15474.09737640167
10,1,464.04172277825603,6608.72798017855
10,2,903.605765448845,13119.727006880124
10,3,160.73983309954338,1565.5000583695326
10,4,588.5430328973686,7913.79205270549
10,5,802.7718993620318,11154.062591806687
10,6,934.9948725213469,14017.471674234655
10,7,718.2056990940195,8855.394070367493
10,8,329.6025403981984,5182.531791958029
10,9,718.897597474998,12226.19320406538
10,10,0,0.0
10,11,731.0930339825748,10460.046510510152
10,12,776.3059889722697,12299.634095353993
10,13,699.3894705165872,9959.903834184812
10,14,868.5678855408103,12448.391113270707
10,15,340.8001983034872,3322.4862299363635
10,16,644.9187843491532,9300.954444295074
10,17,488.42660891795305,6437.725244089963
10,18,508.38926405950326,8709.895818673878
10,19,654.3021682309645,6944.234969826482
10,20,601.4252589877375,8242.581215822573
10,21,596.8442028585835,7466.458701434388
10,22,262.0607367006156,2717.1336091184075
10,23,259.0537336046126,3245.224754385921
10,24,801.2425907894633,10104.808502825173
10,25,658.4660972243963,9845.7673699952
10,26,745.702630944231,9857.842845465253
10,27,312.90896396156717,4281.837215014758
10,28,427.8809542828196,6113.076800903151
10,29,880.127376805041,11812.446241188167
10,30,691.0283156603105,8633.925281953412
10,31,248.2202709892315,3150.223162808217
10,32,657.5566560723574,7782.507759792393
10,33,231.62063039471832,2925.5492773291685
10,34,315.6190581027546,3341.356718812448
10,35,390.8145051649273,5020.14599781201
10,36,809.6906990382435,10935.930861305076
10,37,635.2486372583298,8189.680675382265
10,38,732.3695016113253,11080.30491474649
10,39,874.3060859711325,12601.870018348363
10,40,498.9568939420768,5909.094480509485
10,41,443.33046433433316,6520.267864015578
10,42,708.7021334495118,8717.918470022812
10,43,336.6397705852754,4781.166973146341
10,44,344.9631749644961,3828.2463923793916
10,45,358.87175705030774,5264.423228587978
10,46,655.1634781077671,7595.43082159442
10,47,21.81625171280764,292.3484727521728
10,48,709.3384954744821,8666.67373362352
10,49,1115.2679111341167,16051.322979958737
10,50,669.7899945983213,11558.772847732005
10,51,877.0737021938575,13689.148970452628
10,52,179.6694601408504,2000.4483587843129
10,53,351.40151095278526,4633.231021948931
10,54,767.4988767081576,12279.97383368541
10,55,733.4615244349534,11664.239461068171
10,56,487.75453871610085,7997.314957581316
10,57,623.889536584274,7966.3961772846005
10,58,608.3761664569066,8394.319706784356
10,59,273.39755570286917,2610.3683501066744
10,60,59.893470526247455,604.3991499933186
10,61,117.41819796970006,1295.197980068598
10,62,349.96881078196765,3871.7391461691063
10,63,885.089658474731,12650.501938366104
10,64,874.3060859711325,12643.494394492596
10,65,157.11311251834354,1826.660228766954
10,66,533.4541230762471,7365.4668835370785
10,67,1039.9320840294047,15322.370655338951
10,68,569.1029580993267,6843.669338272432
10,69,626.3815361335897,9814.6807771539
10,70,638.0448189399988,8254.307224561038
10,71,268.1630630399507,3317.1777451526436
10,72,412.2599083063736,6286.2108144333015
10,73,534.7427962321176,7227.20651081407
10,74,516.994942916144,6617.230327656939
10,75,351.8219122530795,4261.90958480745
10,76,611.3224978654524,9798.267868177445
10,77,815.1244206798269,10709.562910841783
10,78,553.408620400057,6835.937256146946
10,79,813.506262600751,11921.314975617812
10,80,1151.7900017835066,16076.149137470484
10,81,597.2651921090363,7500.060959165586
10,82,485.99109683072504,6703.882295631136
10,83,1008.7574640996727,15132.258306872225
10,84,430.83906385433113,5454.123953444731
10,85,414.70783617624545,2965.4097773843246
10,86,735.1232017763248,9382.802117634512
10,87,543.3418946365482,9040.371941067053
10,88,205.85681587846597,2198.9496388326484
10,89,513.4729220641188,8328.762184335943
10,90,454.82123260073,4993.046010823605
10,91,384.64596336358653,4158.241069805969
10,92,289.037526291604,3326.493911910285
10,93,549.6450734731364,7179.524797724178
10,94,58.48320828336502,396.12403515451905
10,95,329.2747237388944,1957.0912318799217
10,96,329.6809633925388,2885.378189050208
10,97,792.4668951611403,12068.793132036066
10,98,432.3806290306387,4360.143714081817
10,99,24.299307602822978,240.40417235326663
10,100,986.0245372264618,14853.571188999478
11,0,1004.772080952602,14482.419943386778
11,1,701.8769174155423,8699.511230007602
11,2,919.5409600861303,16343.18669102051
11,3,723.47546289507,11583.438275733546
11,4,999.8782275346555,13611.21975553123
11,5,117.40709399931819,1279.8475858345078
11,6,932.130067158633,15532.538277298569
11,7,1243.2413288895473,17367.391567250455
11,8,985.5377350354845,10388.232882261023
11,9,716.032792112284,12128.94179854826
11,10,729.9925988243346,10460.046510510152
11,11,0,0.0
11,12,773.4411836095558,13686.855103263326
11,13,1224.4251003121155,18187.528456835294
11,14,884.5030801780956,16046.96141670842
11,15,528.9353929407733,7167.7011365249155
11,16,905.7539789864394,12470.369597280564
11,17,475.2481694201651,5951.498802133787
11,18,671.6244586967896,8958.248418198116
11,19,402.9373628682507,3731.7290102730317
11,20,477.3604536250241,5395.118207466749
11,21,1125.6770443306393,14534.549095738837
11,22,683.1187559423784,8067.353492900297
11,23,886.9889282418992,10786.170737987413
11,24,1026.1777854267493,16171.477984016768
11,25,889.9012918616821,13928.225415272027
11,26,977.937825581517,15282.15126619879
11,27,770.0441585988534,8800.146792284793
11,28,323.01614892010565,4432.118348082099
11,29,879.4625714423265,15141.203933377243
11,30,356.94682685273943,4628.680179894246
11,31,876.1554656265181,10561.827416209226
11,32,388.79185070964354,3403.488370975997
11,33,841.3505526728485,10130.09598956165
11,34,629.754252740041,8703.187716731114
11,35,372.7496998022134,5465.880240988427
11,36,860.8258936755291,14147.074467684033
11,37,1047.0838318956169,14169.188694625467
11,38,827.8046962486108,14400.817377232286
11,39,873.0412806084183,9568.852819920307
11,40,1072.7876629578327,13947.634228145875
11,41,912.3656589716195,12436.310661926413
11,42,706.1373280867981,7611.062960576572
11,43,916.3749652225616,12229.34405026535
11,44,903.6847068300334,13978.271967323995
11,45,838.906951687594,11293.27241203632
11,46,234.09867274505336,3157.468644849726
11,47,735.7514463500939,10399.750884658873
11,48,1234.3741252700092,17042.055902244894
11,49,1112.4031057714028,16176.576537355459
11,50,648.2251892356073,9988.353306464032
11,51,875.8088968311433,11922.777399797309
11,52,788.105089936377,12460.493870406814
11,53,756.3367055900716,9169.33667930029
11,54,764.6340713454437,13587.89689463014
11,55,545.0967190722392,7268.434587015976
11,56,752.1897333533874,10434.784877665832
11,57,499.82473122156057,5182.714294475387
11,58,275.62322925458733,2140.6928968215752
11,59,615.8327503401555,7894.474658806783
11,60,731.3904153888664,10870.54687113516
11,61,785.6538277652268,11743.89186790057
11,62,981.2044405774942,13544.422420140538
11,63,901.0248531120163,16087.311214229236
11,64,873.0412806084183,9759.083899316442
11,65,666.5483071556298,10256.73937778064
11,66,428.5350352120048,5689.022649872274
11,67,1037.0672786666908,16509.13769840909
11,68,1157.738152736613,14989.12587001712
11,69,760.1167307708764,11778.256088089945
11,70,575.3525350395947,7193.394423831001
11,71,896.0982576772373,10483.080736188682
11,72,881.2951029436599,12092.383854348082
11,73,463.07444809360146,6278.61746430351
11,74,336.43685661974826,4084.7314598274947
11,75,785.7571068903658,8426.038189878189
11,76,603.6576925027387,9203.492414669465
11,77,1181.186712356053,18070.192978604253
11,78,1162.744250195584,15257.511762375652
11,79,868.4520220389198,15783.654258940864
11,80,1148.9251964207926,16385.99593946942
11,81,1137.4003867463232,14638.73291923459
11,82,328.0262914680111,4502.993154810651
11,83,1005.8926587369588,15065.680255026342
11,84,524.6742584916171,6550.487721291256
11,85,827.4430308135319,8129.8293029908355
11,86,1161.4583964136107,16964.47961059626
11,87,651.9770892738345,10201.738487890438
11,88,871.5924456739926,12545.877655675375
11,89,642.108116701405,8399.446991672445
11,90,1043.4564272380167,13265.776888701093
11,91,451.78115800087295,6389.39446578458
11,92,655.4108562716308,9214.687422827079
11,93,458.38026811042255,5432.978885976123
11,94,698.0184029206513,10194.199809745789
11,95,640.409918376181,9522.835206920376
11,96,828.9161580298248,10438.373361584125
11,97,808.4020897984257,15270.470179385935
11,98,1021.0158236679256,12661.356663032624
11,99,752.4349373983498,10692.215808912204
11,100,983.1597318637479,14639.189483083703
12,0,240.29100113019015,3827.005221939638
12,1,507.3898724052372,6316.2467363461365
12,2,262.85988026371894,3107.3701293545187
12,3,884.6884178847652,13719.768704315826
12,4,443.79714771224263,5687.3517230040525
12,5,885.2200489890132,13103.468321331442
12,6,165.44898733622117,1929.136540384785
12,7,635.8602490671342,10153.338255958623
12,8,792.4506900251797,7119.792477000872
12,9,164.44574710197963,2000.025005920308
12,10,748.2055538140295,12299.634095353993
12,11,813.5411836095561,13686.855103263326
12,12,0,0.0
12,13,616.7440204897022,10060.322094629224
12,14,227.8220003556838,3245.229378911844
12,15,837.0483479304678,12160.33608577978
12,16,354.6728991640273,3118.0847542960505
12,17,621.56112440986,8708.451946266712
12,18,438.7374136864844,4910.6184155249
12,19,618.9503178579456,11285.20343400356
12,20,448.27340861471885,8381.743609752762
12,21,572.5959645082266,7367.196613515347
12,22,810.5317109320733,10711.242910417037
12,23,654.1018832315938,9175.831231291291
12,24,368.9967056043374,6217.42597276095
12,25,232.7202120392701,3514.2639914150745
12,26,320.75674575910523,5201.770524168416
12,27,659.1571135885484,8319.554541010466
12,28,697.4291039098005,11422.109245883648
12,29,222.78149161991502,2565.665462521485
12,30,655.6597818424345,9084.886232485753
12,31,643.2684206162127,9210.779845622574
12,32,624.2048056993384,10784.420583322542
12,33,608.4635076625431,9376.513045080068
12,34,937.6672077297354,14417.393540405257
12,35,712.5179641292349,12249.76806073894
12,36,203.64481385311697,2325.646567175376
12,37,467.20275207320384,5945.08536382539
12,38,170.623616426199,2446.4155296388167
12,39,564.2542355981133,5505.274619178784
12,40,675.9065831354203,8701.3297296804
12,41,487.98457914920726,6403.638840938481
12,42,593.850283076493,6127.791656888216
12,43,636.8938854001493,8300.60571078043
12,44,903.4117597497177,12198.127371602974
12,45,606.0199066772886,7219.839683734761
12,46,858.3116277347485,13524.004597593383
12,47,770.0644013397888,12555.51244846929
12,48,629.493045447597,9800.052672313434
12,49,346.12202594899117,3775.4086135225343
12,50,323.1017832899258,4158.746421698705
12,51,367.42184411182456,3894.9064445809454
12,52,926.5180449260721,13010.06700584286
12,53,1068.749660579767,15897.192453674254
12,54,21.373181239794093,118.25790141604415
12,55,584.2096740619347,7344.108522417608
12,56,409.30903970314563,4430.077459866103
12,57,470.7376862112553,8674.375287409399
12,58,794.4243160838877,12293.10200072635
12,59,834.6457053298506,11408.914566337808
12,60,806.8420553114692,12849.89789414674
12,61,864.3667827549219,12557.006569351051
12,62,871.4114483567924,11116.718770427784
12,63,244.34377328960457,3116.4334353009976
12,64,564.2542355981133,5319.60556970808
12,65,874.4612621453248,13939.429740427662
12,66,574.5022727032283,8403.64150184424
12,67,270.38619884427897,3146.8176974474886
12,68,700.6696197395016,8906.047328478811
12,69,281.8296857605712,2530.1585710307795
12,70,528.9654900292898,6627.015393188337
12,71,663.2112126669318,9024.872148256442
12,72,477.6442497841043,6457.928129775483
12,73,456.1874030832965,7888.540108173464
12,74,803.343092543125,13235.59883672447
12,75,682.7700618800608,8533.043904980712
12,76,324.8836344130057,4483.40799299396
12,77,524.5056325336412,8702.536546734467
12,78,819.4631703731714,9361.387506823163
12,79,211.77094221650833,3394.36253096879
12,80,382.64411659838083,3779.5482040568936
12,81,577.71930692391,7463.579352413746
12,82,889.039246457706,14058.218889459013
12,83,239.61157891454727,2991.60205263984
12,84,919.5872134813117,14758.74654360694
12,85,1132.0559858032263,13436.456021130332
12,86,504.27731659119905,8555.846799465966
12,87,344.3900442635293,3820.231363739572
12,88,895.5054006636877,12353.711291563062
12,89,443.8210716911,5519.6333834830675
12,90,726.575347415604,9066.505371008125
12,91,759.8941129905674,12466.103017889383
12,92,963.3238112613252,14759.295984102744
12,93,590.6932231001176,8766.184516042222
12,94,775.8313579103464,12505.171393710818
12,95,948.3228733658755,13640.270529323518
12,96,1047.02911301952,14965.700506477342
12,97,151.72100997601387,2472.036223986126
12,98,788.1287786576202,9201.299502198304
12,99,771.2478923880446,12307.670503080999
12,100,216.8786520413364,2843.4763096282754
13,0,852.6689526448555,13815.266839845139
13,1,927.973789107796,9886.037551199124
13,2,590.0378317783847,8245.023405526445
13,3,619.6723345873232,10377.103563699218
13,4,483.17509922690823,5210.972294509308
13,5,1288.3039656915716,18312.598468804565
13,6,777.8269388508864,10543.057178224826
13,7,163.53820058179952,1152.1136573482315
13,8,840.8346067277387,7821.419252480544
13,9,779.6296638045382,11560.401448734248
13,10,717.8841557249539,9959.903834184812
13,11,1216.6251003121145,18187.528456835294
13,12,642.7440204897022,10060.322094629224
13,13,0,0.0
13,14,581.8999518703496,7562.978342028038
13,15,905.9322646330269,12440.539832192146
13,16,629.8061231028761,7839.639982978075
13,17,1109.3450411124181,12312.018807799825
13,18,926.5213303890428,10901.821166641006
13,19,1106.7342345605039,14534.610217244834
13,20,936.0573253172773,13489.74020277102
13,21,387.2762691881229,3754.8054753249376
13,22,917.7928030301553,10828.374859726558
13,23,745.4945336982202,7710.443101419331
13,24,319.6848754166393,3868.5961085903637
13,25,504.00184599057366,6667.153181180927
13,26,370.2346972737707,4860.510975212926
13,27,881.8410302911072,9404.830675550947
13,28,913.4130206123584,14032.22521617131
13,29,659.25944313458,7728.2437483223375
13,30,1143.4436985449922,14272.967307449342
13,31,774.2523373187712,7936.819215352952
13,32,1111.9887224018964,14803.972671026553
13,33,751.4474243651018,8404.310530305842
13,34,801.1511244322941,13295.181769568255
13,35,876.3465714944662,13741.369033240944
13,36,605.7227653677827,7736.801203044144
13,37,467.9807035878694,4679.464413316927
13,38,511.50156794086445,7619.273587123384
13,39,1172.6381523006721,14342.159277592367
13,40,420.08896027161643,4353.624297572774
13,41,578.6463318297605,5915.705703282876
13,42,1110.0341997790513,12074.071551199606
13,43,590.5718369148148,6034.896698629376
13,44,513.981578522287,6777.720510687263
13,45,711.9038233798472,6902.354523212626
13,46,1140.6955444373064,16212.039612660777
13,47,694.4483180423472,10229.237171624585
13,48,157.17099696226245,1293.480320617522
13,49,958.4999774636566,13028.997567154644
13,50,931.4856999924847,12748.388378946462
13,51,959.9057608143826,13675.761847456703
13,52,620.9019616286303,8933.136131629632
13,53,805.9335772823249,14569.368111513108
13,54,651.5511327544597,10139.657558703117
13,55,1071.9935907644926,15075.633338988144
13,56,785.0929564057041,8949.001292984929
13,57,958.5216029138138,13498.86150872883
13,58,1093.9082327864462,16106.54076000311
13,59,906.2296220324087,11373.717567830083
13,60,661.8259720140275,10108.205824392819
13,61,681.85069945748,9108.932646372265
13,62,536.2953650593508,6201.497357853582
13,63,598.4217248042703,7823.919779137275
13,64,1172.6381523006721,14233.239858136501
13,65,733.5451788478829,11646.687178469188
13,66,1062.2861894057867,12827.81700836374
13,67,837.0641503589445,11531.674598013287
13,68,353.64757125416753,3290.981745106158
13,69,727.0136024631294,9123.797055862755
13,70,1039.3494067318481,12096.687632602736
13,71,748.01340930741,7947.948389139417
13,72,619.4919746359129,6229.90076542556
13,73,943.9713197858547,12289.220113802923
13,74,1002.5270092456831,15392.144914582528
13,75,920.7539785826195,9787.845177652087
13,76,916.2675511155646,11611.241452272776
13,77,216.35692216760685,1735.973437603772
13,78,322.2870307822501,3164.095455534691
13,79,528.9383289302903,7092.669137694595
13,80,963.1345081879907,12856.295598728426
13,81,375.24649229525994,3638.3270420476542
13,82,971.5231631602643,15834.389981659737
13,83,851.9895304292127,12721.739446228932
13,84,916.371130183871,15164.074829235064
13,85,900.2399025057848,12769.094811337196
13,86,160.45526810586466,1543.863937668679
13,87,837.673960966088,10001.925369546636
13,88,690.589317366246,8224.695900160328
13,89,931.6049883936583,11120.807798290043
13,90,496.7532989302697,5195.421632782441
13,91,940.078029693126,13233.701252691428
13,92,780.7695926211435,13276.281741148063
13,93,1078.4771398026762,12964.262429832921
13,94,708.8152746129045,10353.135386655016
13,95,860.9067900684341,11915.481859090463
13,96,784.2130297220784,12589.28421131308
13,97,571.5989614906794,7941.092092149048
13,98,563.1126953601788,5872.883383712153
13,99,696.2318090906031,9773.954191185661
13,100,829.2566035560018,12728.333301347506
14,0,499.7469325108375,6503.751072825525
14,1,617.8517689737772,7741.1096344422385
14,2,95.31581164436619,750.4942510208019
14,3,986.0503144533055,13661.424684229014
14,4,447.15307909288987,4655.719169955407
14,5,995.6819455575531,15635.968029232356
14,6,285.3049187168683,3022.5346382816656
14,7,620.8161804477813,7939.756738679492
14,8,841.3125865937197,7512.451956980963
14,9,402.3076436705195,5219.506488364848
14,10,849.5674503825699,12448.391113270707
14,11,924.0030801780961,16046.96141670842
14,12,289.8220003556839,3245.229378911844
14,13,601.6999518703493,7562.978342028038
14,14,0,0.0
14,15,947.5102444990077,13154.046611147533
14,16,321.1841029688582,3710.1835168925054
14,17,732.0230209784002,10500.099676078835
14,18,549.1993102550244,7098.292025204567
14,19,729.4122144264855,13167.158437881248
14,20,558.7353051832589,10652.087867175956
14,21,557.551895888874,5882.7084363571485
14,22,902.2707828961373,11517.313524961994
14,23,756.4725135642014,9204.731517876626
14,24,340.75263698498475,3779.5055859347194
14,25,236.07614341991734,2629.135185744604
14,26,305.7126771397525,3122.0588660515264
14,27,746.0190101570884,9140.092512167708
14,28,807.8910004783404,13111.620625390779
14,29,178.95325290841654,907.382972874541
14,30,766.1216784109741,11431.158394467107
14,31,744.630317184753,9315.990916827242
14,32,734.6667022678783,12874.726869561164
14,33,709.8254042310834,9620.59797303603
14,34,1048.1291042982755,15116.998423655552
14,35,822.9798606977748,13639.921909821976
14,36,268.2007452337642,1910.8568230988938
14,37,470.5586834538511,4585.57205669526
14,38,173.97954780684623,1664.9659102043888
14,39,795.3161321666535,8684.261708121543
14,40,679.2625145160675,7554.159081169557
14,41,491.3405105298545,5942.865314865603
14,42,732.7121796450333,8473.711938534143
14,43,640.2498167807967,7820.5252576680805
14,44,957.5736563182578,11336.754469613912
14,45,611.881803245829,7200.799665079015
14,46,968.7735243032885,15355.973071842673
14,47,871.4262979083292,12732.010558027445
14,48,614.4489768282441,7637.168380347383
14,49,478.37795732963826,5476.4638380900105
14,50,554.163679858466,7232.392217952167
14,51,598.4837406803643,7124.145384143881
14,52,1021.2799414946123,12657.952886357358
14,53,1170.1115571483076,16611.39932509196
14,54,298.62911262044133,3359.718008934363
14,55,694.6715706304747,10333.172961098728
14,56,494.2709362716858,5765.021481073808
14,57,581.1995827797954,10874.971504791796
14,58,904.8862126524276,14401.708856614332
14,59,936.0076018983909,12234.237181889474
14,60,908.2039518800095,12916.804936217806
14,61,965.7286793234623,12368.10331256862
14,62,905.0733449253327,10288.274150080135
14,63,18.399704670251882,266.6028381456128
14,64,795.3161321666535,8508.211959316859
14,65,975.8231587138652,14234.763573893897
14,66,684.9641692717685,10447.488942955626
14,67,349.44213022492613,3973.461664871856
14,68,685.625551120149,7371.0589312683
14,69,349.69158232911116,4277.136588006085
14,70,662.02738659783,8855.435695249957
14,71,744.9913891733913,9166.88946846487
14,72,481.00018116475155,6162.395801987712
14,73,566.6492996518365,9873.073585886574
14,74,913.8049891116649,14892.370275733807
14,75,762.4319584486012,9453.669173428501
14,76,538.9455309815457,7077.447209854411
14,77,464.2615639142885,5984.608431438405
14,78,822.8191017538186,7776.012218035627
14,79,102.82687359715558,565.1220965279831
14,80,475.51248805397216,5295.132887680091
14,81,562.6752383045574,5938.785330432856
14,82,999.5011430262459,15640.724338324691
14,83,437.66751029519446,5285.389341342509
14,84,1030.0491100498516,15955.759262601643
14,85,1233.4178823717668,14218.382047507866
14,86,489.2332479718463,6206.458300074067
14,87,460.35194083206943,5849.723522609621
14,88,961.667297232228,11924.1431572493
14,89,554.28296825964,7647.571925104232
14,90,729.9312787962514,8199.5336172347
14,91,870.3560095591073,13639.975054854678
14,92,1073.7857078298648,15364.61308169758
14,93,701.1551196686578,10766.479484947306
14,94,877.1932544788867,12734.073887157307
14,95,1058.7847699344154,14097.25247943066
14,96,1148.3910095880606,15299.034487027824
14,97,98.17694135666113,831.7644521973534
14,98,785.3906752261605,8561.839957787899
14,99,872.609788956585,12393.66301859466
14,100,461.3345834219836,5373.81641353196
15,0,1060.1739658023764,14727.41925027301
15,1,544.9840817364542,5858.867761375053
15,2,974.9428449359045,13721.881844113874
15,3,365.88262721598227,4436.91114034679
15,4,755.0853918555673,9147.19706928857
15,5,585.4089788490923,7935.867295458742
15,6,987.5319520084072,14043.761561969533
15,7,885.6484932104579,11425.511481628653
15,8,496.1448993563968,5713.422440521118
15,9,771.4346769620582,11548.157897650734
15,10,329.19976314524655,3322.4862299363635
15,11,513.7301134696352,7167.7011365249155
15,12,828.84306845933,12160.33608577978
15,13,866.8322646330256,12440.539832192146
15,14,939.9049650278698,13154.046611147533
15,15,0,0.0
15,16,811.4611433073517,9566.302278850544
15,17,420.5553337410771,4300.5195497245595
15,18,674.9316230177014,7681.693890160633
15,19,447.33924771802504,3827.3348036024554
15,20,549.6623384747983,5940.90684884677
15,21,763.3865618167818,9306.383904809745
15,22,184.7259202632905,1712.0854318858364
15,23,425.5960925628109,4777.869998265791
15,24,967.7849497476617,11669.79112592607
15,25,825.0084561825951,10551.804217055966
15,26,912.2449899024298,11133.152511302094
15,27,379.87544662122957,4013.9732457650066
15,28,220.91803376987974,2960.2516347351952
15,29,934.8644562921007,12371.698359473337
15,30,484.0653951473706,6087.764422578801
15,31,414.7626299474298,4562.600134492252
15,32,460.59901503055556,4789.1863035897995
15,33,398.16298935291667,4104.185873783405
15,34,269.66141706095294,2481.372385576089
15,35,141.00689398931453,1704.727120165897
15,36,916.2277785253033,11381.482964538525
15,37,801.7909962165282,9579.45895959156
15,38,883.206581098385,11581.203179507389
15,39,944.2431654581931,10999.743277042719
15,40,665.4992529002752,8111.427096502064
15,41,609.8728232925316,7696.349769656386
15,42,804.4444924077104,7169.733769182653
15,43,503.1821295434739,6544.830480063805
15,44,546.0918711509457,7035.316156426177
15,45,525.4141160085062,6293.003410671065
15,46,454.90055759482755,4277.135656630652
15,47,348.15861067100604,3238.7655311590875
15,48,876.7812895909208,11170.498384462164
15,49,1167.8049906211768,15706.150426794333
15,50,739.7270740853818,10310.510149496176
15,51,947.0107816809181,12574.878175275542
15,52,430.5122542572893,5315.334124289647
15,53,447.0438699109838,3838.4114023659886
15,54,820.0359561952179,12110.004386265759
15,55,688.2986039220134,9569.519818178886
15,56,654.2968976742993,7752.013870792768
15,57,572.1266160713348,5590.016582316075
15,58,391.0132459439668,5151.761789397778
15,59,117.4399146610675,1070.691505662355
15,60,371.23626464268636,3703.891282314594
15,61,428.060992086139,4617.29238169623
15,62,623.6116048984064,6828.420474195821
15,63,956.4267379617905,13306.190164889284
15,64,944.2431654581931,11090.429224844891
15,65,308.95547147654196,3266.4163256260354
15,66,420.5964820344454,5166.393874689449
15,67,1092.469163516465,15304.831815704598
15,68,735.6453170575251,9160.610747728895
15,69,792.9238950917882,9647.22875339431
15,70,628.7871778981971,6606.059828322117
15,71,434.705421998149,4598.309604054959
15,72,578.802267264572,7372.013542924246
15,73,519.985155190316,5275.738357731337
15,74,324.43202240320403,3304.8939891069917
15,75,360.4756887474157,3711.757286987077
15,76,681.2595773525129,8648.223377636285
15,77,982.5672147962654,12849.2998894892
15,78,771.1514145164958,9285.973197147525
15,79,923.853906888694,12696.711810847075
15,80,1204.3270812705666,15794.583852128057
15,81,763.8075510672346,9376.03228586519
15,82,308.22817631778526,3493.4469802383946
15,83,1061.294543586733,14673.751030594965
15,84,298.17614334139125,2870.305558463185
15,85,469.8501951344437,1481.081000934293
15,86,901.6655607345232,11565.042724636285
15,87,709.8842535947463,8438.86964130543
15,88,513.9996099949049,5482.5908578815925
15,89,680.015281022317,7146.064100749546
15,90,621.3635915589284,7245.486477661499
15,91,80.38304285064687,855.0455765498151
15,92,297.81802059254255,2960.4121045383126
15,93,436.78743243133476,4864.208561118617
15,94,289.4947512092779,3032.9519871947527
15,95,244.81708269709276,2557.587367294483
15,96,471.32332235073716,3805.741797071365
15,97,863.8039746481999,12596.544012181885
15,98,598.9229879888375,6567.6564560631505
15,99,352.2421017192618,3560.235710695802
15,100,1038.561616713522,14329.024810104997
16,0,563.5978313191807,6783.831259712332
16,1,406.7026677821205,4030.977934694484
16,2,356.2219828768934,4191.451504071569
16,3,766.1012132616485,10673.858611371154
16,4,248.5592503254169,2834.837916034797
16,5,957.5328443658965,12159.858119779194
16,6,488.7558175252116,4718.872794388324
16,7,625.8223516803083,7667.330593502283
16,8,668.563485402063,4136.347375761064
16,9,361.35854247886294,3904.332703444343
16,10,629.6183491909128,9300.954444295074
16,11,885.8539789864394,12470.369597280564
16,12,353.6728991640271,3118.0847542960505
16,13,606.7061231028763,7839.639982978075
16,14,321.18410296885816,3710.1835168925054
16,15,815.8611433073515,9566.302278850544
16,16,0,0.0
16,17,693.8739197867435,6803.999871706194
16,18,425.3502090633678,3669.1360919397102
16,19,691.2631132348289,9470.733529581154
16,20,520.5862039916022,7103.751122092899
16,21,376.05806712140117,4577.7173713423845
16,22,682.3216817044803,7988.474754542762
16,23,535.5146786084771,6116.045030255769
16,24,358.9588082175116,4381.108400124123
16,25,149.4823146524444,1526.7662028888033
16,26,290.41797288834306,3290.106487836982
16,27,537.4699089654316,5575.359439143203
16,28,769.7418992866837,9401.565430076194
16,29,332.7435942330893,2854.0890424628756
16,30,727.9725772193178,7906.149013621034
16,31,524.681215993096,6170.328828213039
16,32,696.5176010762217,9223.398688863546
16,33,489.87630303942626,6379.600687130509
16,34,855.180003106619,11663.708225380557
16,35,784.8307595061182,9953.547960687296
16,36,283.15164404210753,1835.269413969279
16,37,295.7648546863781,3247.325900331662
16,38,184.98571903937327,2058.4985462128234
16,39,732.5670309749966,6517.738790072145
16,40,545.3134133244107,5695.6414558830365
16,41,357.39140933819766,3302.388087736271
16,42,625.6630784533766,5052.426028683492
16,43,506.3007155891399,5183.482385100105
16,44,784.8245551266007,9091.269325541278
16,45,441.43270205417207,4125.749672422677
16,46,930.6244231116318,11649.682148616916
16,47,651.4771967166721,9567.39005722709
16,48,621.3861968488825,7292.268684109221
16,49,669.4288561379817,6882.733270434347
16,50,491.41457866680906,4920.522083593319
16,51,557.5346394887079,5974.411110661396
16,52,807.9308403029554,9909.497364032522
16,53,950.1624559566501,13159.01223889681
16,54,362.48001142878456,3128.4276465591856
16,55,656.5224694388181,7530.319535412546
16,56,253.72183508002888,2068.4382493573175
16,57,543.0504815881387,7288.907926082042
16,58,866.737111460771,10744.825418627552
16,59,716.0585007067339,8703.916228871296
16,60,688.2548506883525,9831.05820229101
16,61,745.7795781318052,9478.433716319372
16,62,752.8242437336754,8011.177940517072
16,63,337.7058759027789,3817.159586776342
16,64,732.5670309749966,6401.187217037391
16,65,755.8740575222081,11001.546309083376
16,66,646.8150680801118,6809.31998826796
16,67,593.6930290332696,6024.513125930423
16,68,478.9191755273748,6049.228152419553
16,69,164.14248113745444,1284.193426392386
16,70,549.3782854061731,5340.433128089726
16,71,544.6240080438151,5992.146246382584
16,72,347.0510799730947,3341.1470205429214
16,73,528.5001984601798,6225.567734633984
16,74,875.6558879200082,11182.957140233091
16,75,553.882857256944,5855.518247036607
16,76,450.696429789889,4015.64672810101
16,77,557.7677351468152,6840.95748096818
16,78,688.8700005621617,6509.931556317252
16,79,298.92248002879893,3356.656793974186
16,80,705.9509467873714,6865.290325924178
16,81,388.0814095370846,4688.877769379306
16,82,961.3520418345893,11936.036823424956
16,83,562.9184091035379,6097.932316616131
16,84,991.900008858195,12319.832232707187
16,85,1013.4687811801098,10721.654529924257
16,86,494.23941920437323,6297.211099028387
16,87,284.90283964041265,2474.7432230551103
16,88,776.9181960405709,9243.608368914382
16,89,430.4338670679834,4137.623259824362
16,90,595.9821776045944,5983.541681214333
16,91,832.2069083674506,9999.849310893984
16,92,880.8366066382088,11959.594242462603
16,93,663.0060184770011,7110.841234481555
16,94,657.2441532872297,9533.963872138158
16,95,852.035668742759,10765.266316884705
16,96,928.4419083964036,12048.119199672243
16,97,245.08311258918815,3056.375276492547
16,98,651.4415740345036,6088.853637503871
16,99,652.660687764928,9290.538667586929
16,100,540.185482230327,5910.132135983882
17,0,872.7920217529065,10716.179840617688
17,1,380.596858215846,2822.981696253081
17,2,787.5609008864349,10911.593978680427
17,3,606.509037830448,7953.981804590369
17,4,781.4981683349588,7663.632040510325
17,5,546.927034799622,6001.359868252135
17,6,800.1500079589375,10637.405400462365
17,7,1082.0749038249241,11556.333173758456
17,8,590.9713099708626,4491.058332916607
17,9,584.0527329125886,7682.724132755506
17,10,480.62617375971246,6437.725244089963
17,11,475.2481694201649,5951.498802133787
17,12,641.4611244098603,8708.451946266712
17,13,1141.9450411124192,12312.018807799825
17,14,752.5230209784002,10500.099676078835
17,15,420.55533374107716,4300.5195497245595
17,16,702.0739197867433,6803.999871706194
17,17,0,0.0
17,18,442.7443994970933,3833.9022426823594
17,19,355.1573036685546,2667.2783307348586
17,20,264.08039442532777,1805.2289145164336
17,21,907.2969851309427,8613.596065518168
17,22,246.05233087775642,3750.472705533382
17,23,520.4225031772769,5346.299601397117
17,24,894.1977262270539,10237.739496301549
17,25,757.9212326619867,8166.053996091373
17,26,845.9577663818216,9382.061322712221
17,27,323.6777335342315,3121.642840167279
17,28,335.73608972040944,2714.3287956921013
17,29,747.4825122426311,9617.611468603342
17,30,297.48040178811743,2295.7905514147205
17,31,509.5890405618957,5149.307529496827
17,32,279.1117915099473,2552.526126026766
17,33,492.98939996738255,4808.532944801064
17,34,589.5741935403445,6779.474034419409
17,35,364.42494993984417,3719.8840138642418
17,36,728.8458344758336,8594.285971093797
17,37,828.7037726959201,8219.37941044999
17,38,695.8246370489153,8835.69634506073
17,39,756.8612214087224,6709.8530395894595
17,40,760.325663514741,8187.489268680071
17,41,693.9855997719229,6493.5858100658
17,42,481.8572688871019,2974.473033161395
17,43,598.0085401579398,6495.368716643249
17,44,863.504647630337,9065.176548344345
17,45,620.5268924878974,5414.648032527185
17,46,416.4186135453573,4871.0104850262105
17,47,502.48502128547193,6535.498266400128
17,48,1030.6387489934984,11214.818501397025
17,49,980.4230465717072,11934.136153119569
17,50,552.3451300359113,6141.757511944613
17,51,759.6288376314474,8416.763229923086
17,52,658.4386648717549,8216.35321769848
17,53,764.4566463903755,8070.312000680612
17,54,632.6540121457482,8633.29626383626
17,55,380.9302940076174,5328.4575766478165
17,56,533.8096741536909,4737.362930996328
17,57,286.54467202186424,1552.854282246306
17,58,352.53130189449655,4012.624712006134
17,59,296.0663252755335,4129.055738691658
17,60,539.2626752571522,7016.7400644487425
17,61,596.787402700605,7488.152571508071
17,62,777.0320683024755,8367.083496231142
17,63,769.0447939123209,10584.49728867894
17,64,756.8612214087224,6808.059229079402
17,65,626.3682479559334,7257.743765913613
17,66,47.622892648911304,930.132809136355
17,67,905.0872194669953,11805.915893387417
17,68,830.4717276719908,9192.811758351272
17,69,564.0366715711801,6394.778999597143
17,70,306.1999543775886,2390.263804795486
17,71,529.531832612615,5015.186500345387
17,72,662.9150437439633,6152.445511868191
17,73,197.39793166970776,992.7010982116799
17,74,429.85679742005215,4527.2571561451805
17,75,339.39068182574385,2813.565072327897
17,76,493.67763330304234,4609.822788768482
17,77,1049.2066531563576,12124.3773720259
17,78,865.9778251309616,9504.424930143517
17,79,736.4719628392244,10160.343816532639
17,80,1016.945137221097,12067.0783703835
17,81,919.0203275466263,8721.033578887618
17,82,527.3462322683151,5356.9745620474
17,83,873.9125995372633,10849.590461139655
17,84,571.4941992919208,6312.071350170582
17,85,787.2629716138354,5780.805764201286
17,86,1029.4783372139157,11040.624984907867
17,87,477.6970300741383,4900.757887516616
17,88,654.1260206093706,7999.297152031785
17,89,414.22805750170886,3229.472552653468
17,90,716.1900021733942,7613.80778989283
17,91,411.8010988011765,4222.108939962404
17,92,615.2307970719343,7260.126403126136
17,93,63.81384304580071,781.1804316252183
17,94,472.5211618237438,6367.447111470093
17,95,600.2298591764845,6648.76825377744
17,96,788.7360988301284,8004.476079932587
17,97,676.4220305987302,9788.596741597155
17,98,693.7493986033032,7084.04164822168
17,99,503.66851233372773,6606.357737488928
17,100,851.1796726640524,10468.822992768019
18,0,597.7903524012642,7045.837583127281
18,1,245.17314749247058,2106.6722509189008
18,2,512.559231534793,7386.326654470202
18,3,625.9716929719984,10263.273946508101
18,4,508.27445761158333,5704.762533554671
18,5,641.62536544798,8546.922318844057
18,6,525.148338607295,6833.443732540704
18,7,910.037558966475,10460.619704227682
18,8,533.733965112413,4231.534381519826
18,9,309.0510635609462,3892.6972786492147
18,10,489.4888289012627,8709.895818673878
18,11,569.9465000685229,8958.248418198116
18,12,366.4594550582177,4910.6184155249
18,13,866.9433717607765,10901.821166641006
18,14,477.5213516267578,7098.292025204567
18,15,593.453664389435,7681.693890160633
18,16,428.85020906336786,3669.1360919397102
18,17,377.9664408688268,3833.9022426823594
18,18,0,0.0
18,19,375.3556343169126,6375.086007860238
18,20,204.67872507368568,3566.71245931698
18,21,634.0732744075673,7223.559803813279
18,22,542.1921614148301,6509.1220556111275
18,23,395.38515831882705,6207.566757962663
18,24,619.1960568754115,7886.948908589197
18,25,486.5975219386106,5193.125721895014
18,26,570.9560970301792,6844.929614109238
18,27,400.4403886757817,4429.424254617627
18,28,453.8344203687674,6543.473246177883
18,29,472.48084289098887,6191.103632659706
18,30,412.0650983014012,4334.530541360671
18,31,384.55169570344594,6125.397568940144
18,32,380.61012215830533,5897.865027316578
18,33,349.74678274977634,6061.263263196845
18,34,715.050482816969,10099.677805911859
18,35,468.9232805882021,7486.040334643885
18,36,453.8441651241909,5212.7524418258845
18,37,555.4800619725446,6259.699552428026
18,38,420.8229676972728,5468.870568053436
18,39,464.45955205708,4089.840796850341
18,40,581.1838930347607,7616.420317897807
18,41,420.76188904854763,5185.6885618391825
18,42,234.45559953545995,1390.32971525649
18,43,424.77119529949,6323.085562526318
18,44,644.6950348369509,9998.177460029108
18,45,347.3031817645222,4931.493367562999
18,46,614.7169441937152,8614.008114345164
18,47,511.3476764270222,8908.594831593758
18,48,866.3014041350486,10083.111711487698
18,49,705.421377220065,8122.999461822655
18,50,259.9434606842692,2855.756146129683
18,51,467.227168279805,5002.196163130358
18,52,667.8013200133051,9995.929326904854
18,53,810.0329356670001,11516.171201615072
18,54,357.65234279410566,4828.680093073119
18,55,323.6149905209011,4188.161190454801
18,56,260.58596343031536,1955.4537202395416
18,57,227.1430026702222,3818.34115242731
18,58,550.8296325428544,7418.682737657134
18,59,575.9289804170837,7131.09547684692
18,60,548.1253303987024,9310.794026816464
18,61,605.6500578421552,9372.055905436027
18,62,612.6947234440257,9025.926934810926
18,63,494.04312456067856,7131.1425929526495
18,64,464.45955205708,4081.4927677156224
18,65,615.7445372325581,10053.173533023184
18,66,330.90758916219494,3496.0167163655683
18,67,630.0855501153528,7978.578862959524
18,68,666.1343828135412,8364.528828137101
18,69,290.81296084780456,2822.362922567412
18,70,158.1708064882566,1768.3352752869757
18,71,404.49448775416516,5928.0680000383045
18,72,389.69133302058805,4961.423000053571
18,73,212.59271954226324,2978.9734356160006
18,74,559.748409002092,8351.93964039205
18,75,424.05333696729423,4470.252412428839
18,76,201.4759639514002,1097.634623291275
18,77,774.2049838047153,10204.304944573985
18,78,701.6404802725119,8787.923598531164
18,79,461.4702934875823,6865.308945636511
18,80,741.9434678694547,8245.562094221932
18,81,645.7966168232508,7344.798830193898
18,82,645.444562916673,9189.352929850087
18,83,598.9109301856212,7053.0682277161295
18,84,675.9925299402788,10055.304919053633
18,85,873.3392608904597,9085.567259552456
18,86,754.4766678622732,9417.170861599383
18,87,155.49536072249612,1249.511899021803
18,88,636.7886757509209,9516.267149677557
18,89,102.00434677833331,609.9711157239982
18,90,551.8526573149445,7455.973369875644
18,91,516.2994294495345,7833.794671881003
18,92,740.7070863485587,10514.655981443635
18,93,347.0985395590843,3856.0123525664426
18,94,517.1146329975796,8799.71766880452
18,95,711.9061484531089,9597.645069052045
18,96,788.3123881067536,10982.32156198662
18,97,401.42036124708767,6313.705197959491
18,98,529.4120537448531,7212.911915186246
18,99,512.5311674752779,8794.970314908705
18,100,576.1780033124103,6686.980871870976
19,0,997.2812152009917,12957.622391042174
19,1,635.6860516639314,5470.841680013109
19,2,912.05009433452,13573.160711402823
19,3,491.98459714346006,8225.349339543342
19,4,954.7873617830447,10173.39827858915
19,5,553.421141592621,4230.367741915563
19,6,924.6392014070227,13208.426533072936
19,7,1011.750463137936,13680.905772930133
19,8,754.2468692838743,6803.634040763894
19,9,708.5419263606738,10096.30617400809
19,10,498.50173307272433,6944.234969826482
19,11,463.1422762131639,3731.7290102730317
19,12,765.9503178579455,11285.20343400356
19,13,992.9342345605037,14534.610217244834
19,14,877.0122144264853,13167.158437881248
19,15,297.64452718916306,3827.3348036024554
19,16,898.2631132348291,9470.733529581154
19,17,373.4573036685547,2667.2783307348586
19,18,664.1335929451792,6375.086007860238
19,19,0,0.0
19,20,486.769587873414,3200.9410947513757
19,21,1021.4885317442595,10942.452441458061
19,22,451.82789019076813,4398.906066421568
19,23,683.6980624902887,7056.886356983707
19,24,1018.686919675139,12775.118716321953
19,25,882.4104261100719,10819.714399647064
19,26,970.4469598299067,11967.959206077005
19,27,550.553292847243,5130.057916753814
19,28,158.0252831684953,868.6235886850156
19,29,871.9717056907162,12283.583327849297
19,30,421.1726445459862,2893.1381699696904
19,31,672.8645998749076,6831.8733283958745
19,32,304.1009849580332,1052.0111921653843
19,33,656.2649592803945,6398.531242093046
19,34,398.26338698843074,5929.2999446592585
19,35,173.1141433879302,2321.2940198748565
19,36,853.3350279239188,11260.709944022989
19,37,1001.992966144006,10712.543814964878
19,38,820.3138304970005,11502.610224361391
19,39,881.3504148568086,8485.07375533841
19,40,923.6012228277527,10253.490433356841
19,41,860.5747932200089,8903.904327344228
19,42,741.3464623351879,5275.032087271713
19,43,761.2840994709516,8535.77113668272
19,44,672.1938410784235,10304.303156490083
19,45,783.5160859359835,7679.668238228989
19,46,368.807806993443,2238.932869792678
19,47,504.2605805984839,6928.605279341061
19,48,1002.8832595183989,13363.590310392465
19,49,1104.9122400197925,14341.532542804314
19,50,676.8343234839973,8295.704794352256
19,51,884.1180310795336,10517.924685385058
19,52,556.614224184767,8927.689019034226
19,53,573.1458398384616,6870.303882815836
19,54,757.1432055938334,11203.763033428751
19,55,625.4058533206289,6573.450968768505
19,56,744.698867601777,7404.577536031773
19,57,509.2338654699505,2825.896523852289
19,58,304.92049534258246,1594.8060982866866
19,59,384.54188458854514,4334.275406080978
19,60,499.8995496372562,7417.375670767709
19,61,554.1629620136167,8194.552783787247
19,62,749.7135748258843,9828.723602638136
19,63,893.5339873604061,13250.208449913645
19,64,881.3504148568086,8627.399805629651
19,65,435.0574414040198,7088.172185974656
19,66,390.59845196192293,2899.6996383502883
19,67,1029.5764129150805,14338.378146227657
19,68,980.0598338103044,11303.712370953957
19,69,752.6258650192661,9037.696085053805
19,70,565.6891478256746,4716.2403525379805
19,71,692.8073919256268,6756.515481540063
19,72,829.5042371920493,8554.895024108788
19,73,456.88712511779363,3396.7147771023156
19,74,263.93927180181964,2141.942274468603
19,75,566.2662411387554,4746.89897278918
19,76,618.3668267511284,6989.435393944412
19,77,1108.669184723743,14519.577738752274
19,78,931.2533844439739,11556.703548113208
19,79,860.9611562873096,12826.711889078728
19,80,1141.4343306691824,14497.986076017489
19,81,1021.9095209947124,11041.4002947338
19,82,349.63542571640085,3018.117232695473
19,83,998.4017929853485,13237.71506617275
19,84,380.183392740007,4551.21734341295
19,85,595.9521650619214,5105.228394364543
19,86,1074.2675306620008,13366.233412512023
19,87,644.4862235222242,7513.741632131279
19,88,640.1015799223826,8935.717574790706
19,89,669.2172509497948,5765.664366073682
19,90,879.4655614864059,9549.244765582589
19,91,220.49029224926252,3234.3511570699084
19,92,423.9199905200204,6460.834997890375
19,93,406.78940235881237,2526.610149260809
19,94,466.5275371690411,6727.524029398041
19,95,408.9190526245705,6368.533540203926
19,96,597.4252922782151,7522.398356139353
19,97,800.9112240468154,12452.486383781945
19,98,857.024957916315,8936.952138025516
19,99,520.9440716467396,7165.13476316819
19,100,975.6688661121376,12838.191743127087
20,0,864.6733006136038,9771.917983037869
20,1,578.6781370765437,3614.9978052241117
20,2,779.4421797471321,10952.950424642886
20,3,641.8766825560713,9754.799401057282
20,4,859.7794471956563,8550.125578289888
20,5,495.7083136603193,5071.16623316839
20,6,792.0312868196348,10271.832234418715
20,7,1152.942548550548,12830.103569786059
20,8,885.238954696486,5785.308386195236
20,9,575.9340117732859,7006.95581448568
20,10,648.3938184853358,8242.581215822573
20,11,424.0294482808622,5395.118207466749
20,12,633.3424032705576,8381.743609752762
20,13,1133.8263199731164,13489.74020277102
20,14,744.4042998390973,10652.087867175956
20,15,447.5366126017744,5940.90684884677
20,16,765.6551986474403,7103.751122092899
20,17,379.04938908116617,1805.2289145164336
20,18,531.5256783577905,3566.71245931698
20,19,229.43858252925207,3200.9410947513757
20,20,0,0.0
20,21,985.5782639916401,9738.815505190627
20,22,601.7199756033793,5549.010600532475
20,23,746.8901479029,6981.6965088552
20,24,886.079005087751,11011.255285379508
20,25,749.8025115226839,8588.03891777048
20,26,837.8390452425188,10054.098355079226
20,27,649.4453782598547,4728.989073488281
20,28,307.91736858110676,3690.6859471796106
20,29,739.3637911033283,9746.162362928768
20,30,286.7647299585977,814.539012981586
20,31,736.0566852875189,6800.7860150471
20,32,234.6930703706447,2458.465285406222
20,33,701.2517723338493,6500.164784039685
20,34,548.1554724010421,8385.66418512321
20,35,323.0062288005416,5028.780518347926
20,36,720.7271133365308,8753.939673659686
20,37,906.9850515566176,9121.338090162213
20,38,687.7059159096125,9008.221037480882
20,39,748.7425002694196,5320.298723528614
20,40,932.6888826188331,9560.498805485355
20,41,772.2668786326203,7577.349551841795
20,42,645.9385477477992,2254.279579578881
20,43,776.2761848835625,7928.222686997454
20,44,822.0859264910347,10782.097376598238
20,45,698.8081713485948,6708.141096169502
20,46,468.7998924060545,5355.47199253941
20,47,654.1526660110952,8337.695270986142
20,48,1146.575344931011,12472.728971869308
20,49,972.3043254324045,11219.138485112315
20,50,544.2264088966086,5107.670961500605
20,51,751.5101164921446,7317.732040145483
20,52,706.5063095973783,10013.739489975014
20,53,723.037925251073,9584.535706076667
20,54,624.5352910064455,8289.27726768735
20,55,492.79793873324036,3633.672643880999
20,56,612.0909530143882,5106.385546371543
20,57,22.464277596571915,384.8968442986716
20,58,404.9125807551938,3926.2760361903047
20,59,534.4339700011565,5891.969175804204
20,60,649.7916350498676,8820.260194559676
20,61,704.055047426228,9287.98099487734
20,62,899.6056602384955,10030.874630545939
20,63,760.9260727730181,10692.496190110816
20,64,748.7425002694196,5452.335477438097
20,65,584.9495268166311,9013.365745758127
20,66,381.2905373745343,884.5777259638041
20,67,896.9684983276926,11332.711529602291
20,68,1017.639372397614,10512.556615750316
20,69,620.0179504318774,6383.826922783338
20,70,504.2812332382861,1799.1839283368145
20,71,755.9994773382381,6648.884495491293
20,72,741.1963226046607,7259.839793591416
20,73,339.8756677546027,1244.6287815119442
20,74,413.83135721443114,5337.281564398043
20,75,664.558326551367,4476.539576926566
20,76,485.75891216373947,3935.4352568427953
20,77,1041.0879320170548,13108.081465713307
20,78,1053.145469856585,10862.912036740443
20,79,728.3532416999216,10394.824780616946
20,80,1008.8264160817943,11390.84997928047
20,81,997.3016064073237,9853.577506910591
20,82,499.52751112901234,6213.401397097849
20,83,865.7938783979606,10108.281797067164
20,84,530.0754781526183,7559.384462677663
20,85,745.8442504745328,7414.655007075224
20,86,1021.3596160746127,12126.095367486254
20,87,511.8783089348355,4807.212635946658
20,88,789.9936653349939,9777.096682275007
20,89,536.6093363624061,3004.5330790497283
20,90,903.3576468990174,9084.094356098218
20,91,370.38237766187393,5712.341760724871
20,92,573.8120759326318,8887.350504394873
20,93,397.48148777142376,1089.453237438484
20,94,616.4196225816526,8167.7272495719035
20,95,558.8111380371819,8380.935429119918
20,96,747.3173776908261,9713.68863972823
20,97,668.3033094594274,9875.883409744878
20,98,880.9170433289264,8611.382622063737
20,99,670.8361570593511,8411.579059537431
20,100,843.0609515247497,9700.066668033063
21,0,781.5208966633804,11186.756775079271
21,1,605.5257331263201,6131.817084699582
21,2,573.5897757969091,6632.074753590369
21,3,723.5266317710787,8357.597542002428
21,4,160.7270432454329,1742.9049224447745
21,5,1192.9559097100962,14602.884291863375
21,6,706.6788828694114,8412.646472331022
21,7,326.79249776555474,3239.5736917439954
21,8,536.6889039114931,4148.381862701589
21,9,605.3816078230623,8477.68476282622
21,10,587.043767700343,7466.458701434388
21,11,1121.277044330639,14534.549095738837
21,12,571.5959645082271,7367.196613515347
21,13,378.27626918812285,3754.8054753249376
21,14,557.3518958888742,5882.7084363571485
21,15,773.2865618167816,9306.383904809745
21,16,373.7580671214011,4577.7173713423845
21,17,923.096985130943,8613.596065518168
21,18,649.8732744075672,7223.559803813279
21,19,926.6861785790284,10942.452441458061
21,20,756.0092693358017,9738.815505190627
21,21,0,0.0
21,22,639.7471002139102,7611.148723106646
21,23,441.3488308819746,4560.794563461489
21,24,248.53681943516398,2690.6261327830844
21,25,362.05010757246043,3881.2181846361304
21,26,292.8866412922955,2793.3483167258546
21,27,570.1929743096316,5841.9306482193615
21,28,966.6673177961134,10510.991942122657
21,29,588.1113871531047,5605.874696427869
21,30,963.395642563517,10525.793454034823
21,31,473.20663450252624,4762.244897320308
21,32,931.9406664204212,11135.404980269075
21,33,447.3017215488565,5208.999667621039
21,34,812.6054216160492,10627.025780601489
21,35,889.9561780155486,10405.261248537838
21,36,523.7747093863072,5161.0910822078695
21,37,145.5326476063941,1426.0726487319612
21,38,440.35351195938915,5153.609019657921
21,39,998.3900963191962,10876.624783622465
21,40,181.84325745537157,1745.2957225573396
21,41,222.59827584828506,2161.8423320515653
21,42,850.1861437975758,8345.875181681122
21,43,269.02613409857014,2788.4773414803026
21,44,555.735875706042,5526.004464589317
21,45,355.85576739837194,3264.1355829383974
21,46,1166.0474884558312,12752.957631516176
21,47,608.9026152261023,7757.949166087518
21,48,275.3563429341289,2860.9621715634835
21,49,887.3519214821815,10869.135591679022
21,50,757.2376440110088,9309.196716993694
21,51,801.557704832907,10551.264197381019
21,52,648.3562588123854,7134.677364986019
21,53,907.5878744660803,12040.041940131188
21,54,580.4030767729846,7416.83922566028
21,55,874.9455347830176,11411.517857647133
21,56,468.3449004242286,5291.397838258089
21,57,778.4735469323382,9755.770409285855
21,58,1102.1601768049711,12488.462982789937
21,59,673.4839192161639,8243.157056290856
21,60,645.6802691977826,7797.233362538294
21,61,625.0918183354914,7013.385980003474
21,62,458.94966224310576,4526.362226853899
21,63,573.8736688227949,6137.995617151761
21,64,998.3900963191962,10789.523146034771
21,65,713.2994760316383,9285.680130312137
21,66,876.0381334243114,9091.374478942658
21,67,791.716094377469,9618.863444718216
21,68,140.0893216126214,1549.0888352565644
21,69,471.36554648165395,5815.873146803128
21,70,773.9013507503724,8348.830301677972
21,71,443.8677064911646,4710.162113282008
21,72,263.4439186544377,2482.2264269477537
21,73,763.9232638043791,8545.523912879064
21,74,1055.781306429438,11998.001152583915
21,75,608.7059226011438,6231.578793346448
21,76,734.1194951340887,8012.071965419917
21,77,350.337881232062,3601.0208061434255
21,78,318.49541907159215,1997.698014311659
21,79,457.79027294881496,5318.628343512662
21,80,923.8740121315712,10769.491764164359
21,81,12.051555622331044,121.28885791001838
21,82,1024.7774603440191,12529.427398972193
21,83,780.8414744477376,10301.081781733614
21,84,952.0254273676258,12147.460185410484
21,85,970.89419968954,9923.406214221517
21,86,241.20956528961992,2429.9329639680777
21,87,566.9259049846121,6427.197480640848
21,88,583.7436145500011,6373.423095079666
21,89,654.9569324121828,7401.687737256102
21,90,283.80759611402476,2563.6303522338953
21,91,829.3323268768811,10029.091107244734
21,92,838.262025147639,10728.479176996198
21,93,892.2290838212007,9241.818391495533
21,94,614.6695717966599,7824.995588034349
21,95,809.4610872521891,9361.234988950746
21,96,885.8673269058338,10327.304815673982
21,97,500.45090550920395,5870.571287744935
21,98,339.2669925439335,3123.629964792864
21,99,610.0861062743581,7340.549411970487
21,100,758.1085475745267,10201.5996173732
22,0,1049.962608275119,13506.763332973333
22,1,389.46744473805967,4517.973599308975
22,2,945.9314874086483,12105.414568350976
22,3,360.44316561311075,4206.164152808071
22,4,630.8687548571722,7439.092405375181
22,5,748.6747967173588,8626.869510874654
22,6,977.3205944811499,12559.898576881016
22,7,863.0318562120632,9845.257417379571
22,8,371.92826235800186,4031.841230487008
22,9,761.2233194348009,10278.03563067531
22,10,261.5831261468516,2717.1336091184075
22,11,676.9959313379018,8067.353492900297
22,12,818.6317109320727,10711.242910417037
22,13,914.5156276346312,10828.374859726558
22,14,910.8936075006136,11517.313524961994
22,15,182.00309565881395,1712.0854318858364
22,16,687.2445063089567,7988.474754542762
22,17,246.05233087775645,3750.472705533382
22,18,550.7149860193068,6509.1220556111275
22,19,597.327890190768,4398.906066421568
22,20,457.1509809475412,5549.010600532475
22,21,639.1699248183868,7611.148723106646
22,22,0,0.0
22,23,301.379455564416,3122.846163691365
22,24,843.5683127492666,9957.717395200367
22,25,700.7918191841997,8901.14117965252
22,26,788.0283529040347,9427.71295616869
22,27,209.75880962283475,2415.8574459490032
22,28,384.1838516381464,3635.650313932699
22,29,922.4530987648443,10756.385925429431
22,30,540.9373541752566,5917.866639780435
22,31,290.5459929490349,2900.0200241374923
22,32,521.2823780321608,5143.638751132843
22,33,273.9463523545217,2434.0545636823567
22,34,341.6219554580814,3706.236546382417
22,35,304.27271185758116,2943.4638576921757
22,36,852.0164209980468,9781.69873786489
22,37,677.5743592181332,7867.85456493923
22,38,774.6952235711286,9972.03720349646
22,39,916.6318079309361,10165.606823179396
22,40,541.28261590188,6479.4625041116515
22,41,499.8399874600244,5986.373815062962
22,42,649.5278554093154,6260.4265282905035
22,43,378.9654925450788,4868.60502080339
22,44,589.9893320825399,5913.177521170427
22,45,401.19747901011124,4582.547993228733
22,46,618.1663754630944,5521.331837247047
22,47,283.4419736726111,2791.8222926575672
22,48,811.5957013806374,9573.567522160416
22,49,1157.5936330939194,14343.754532392995
22,50,712.1157165581249,9280.45916891296
22,51,919.3994241536611,11499.39099212167
22,52,432.0956172588943,4611.903427926992
22,53,506.3044083081124,5190.591541365634
22,54,809.8245986679606,10669.699566801242
22,55,624.3872463947563,9042.163769286926
22,56,530.0802606759045,6281.167996623874
22,57,479.6152585440777,5260.814141843506
22,58,554.2790638122335,5940.2936315663665
22,59,65.20045305819603,717.4839477254634
22,60,320.21962764429134,3278.8806060806032
22,61,375.44435508774404,3871.898558474028
22,62,557.9890206896146,5508.987106758414
22,63,927.4153804345343,11678.45270388295
22,64,916.6318079309361,10229.070207410941
22,65,317.41600987367053,3602.1212304266096
22,66,291.0798450360505,4680.595886557149
22,67,1082.2578059892078,13839.668186874518
22,68,611.4286800591299,7538.40203032488
22,69,668.7072580933932,8181.9984494002365
22,70,499.2705408998021,5747.2345774884625
22,71,310.4887849997541,2916.0224051345517
22,72,454.5856302661771,5664.0989782981105
22,73,390.4685181919211,4597.142339400178
22,74,487.6978402714708,4624.417041921337
22,75,190.3590517490209,2178.341063602254
22,76,649.7482198252558,7549.607498135787
22,77,861.5505777978702,11171.166980506876
22,78,646.9347775181006,7694.6292310052795
22,79,855.8319845605544,11047.134050931114
22,80,1194.1157237433092,14411.712560581238
22,81,639.5909140688397,7683.6972802998
22,82,471.4939941860517,5007.514448331775
22,83,1051.0831860594756,13344.778892762164
22,84,399.64196120965795,4581.679300891287
22,85,519.5107335315722,2736.93707964458
22,86,777.448923736128,9898.393879664778
22,87,585.6676165963515,7101.453996525618
22,88,435.0829729965098,4549.337903649251
22,89,555.7986440239224,6037.307011754844
22,90,497.1469545605334,5641.167150205315
22,91,243.64886071891348,2423.5330097603783
22,92,369.5785589896712,4061.1780104922223
22,93,307.27079543293985,4475.327860666857
22,94,226.45528960640644,2618.9680168283903
22,95,314.9776210942213,3092.972149249542
22,96,489.9838607478656,4480.378245790399
22,97,834.7926171209436,10988.330978572225
22,98,474.7063509904421,4971.264223740696
22,99,284.6254647208669,2906.066313719268
22,100,1028.3502591862648,13021.619780447603
23,0,860.6327805746406,12535.159107722493
23,1,317.03761703758,4176.35779046767
23,2,756.6016597081689,9874.502697207114
23,3,376.03616251710775,4558.172003030691
23,4,422.1389271566927,4716.938768394734
23,5,904.4677936213558,11132.55821148361
23,6,787.9907667806715,10832.362822442015
23,7,669.0107622756515,6747.803863162768
23,8,182.59843465752232,2121.998272562628
23,9,571.8934917343227,9321.876998999358
23,10,239.55329844637214,3245.224754385921
23,11,832.7889282418987,10786.170737987413
23,12,629.3018832315943,9175.831231291291
23,13,723.5945336982194,7710.443101419331
23,14,721.5637798001342,9204.731517876626
23,15,425.796092562811,4777.869998265791
23,16,497.9146786084772,6116.045030255769
23,17,518.6225031772769,5346.299601397117
23,18,361.3851583188272,6207.566757962663
23,19,638.1980624902882,7056.886356983707
23,20,467.52115324706153,6981.6965088552
23,21,448.24883088197464,4560.794563461489
23,22,292.2566309599395,3122.846163691365
23,23,0,0.0
23,24,636.1384850487876,7058.860566331028
23,25,511.46199148372017,6600.659035824965
23,26,579.2985252035552,6693.931354453596
23,27,209.60485822089112,2252.7446939280667
23,28,619.1768485421428,6444.411702646437
23,29,733.1232710643649,8568.813170187523
23,30,674.9075264747772,7615.1560178426635
23,31,32.509797704372694,229.36421452880734
23,32,643.452550331681,7538.22854328227
23,33,118.91652465404229,694.5873814762085
23,34,465.1149523620785,6129.744129275957
23,35,542.465708761578,6033.026522232219
23,36,662.6865932975672,7703.130320942043
23,37,469.34453151765393,5045.604902570585
23,38,585.3653958706492,7841.795002499319
23,39,727.3019802304561,10286.068601738674
23,40,350.3615219654681,3358.2328134173217
23,41,273.91015975954485,3292.2732714699023
23,42,561.698027708836,6635.418456434125
23,43,188.04439860866657,1775.8397711581244
23,44,301.1682381461278,3882.7771469597837
23,45,211.8676513096316,2024.1072895170876
23,46,846.4593723670904,8541.032644663732
23,47,261.4121459721316,3527.5167068441447
23,48,615.2746074442255,6464.859193050935
23,49,968.2638053934413,12948.484809120817
23,50,522.7858888576451,9023.481083811532
23,51,730.0695964531811,10986.553264678418
23,52,344.57452332248204,3899.7581777376063
23,53,560.097405212109,7584.485307314182
23,54,620.4947709674822,9166.081164832682
23,55,586.4574186942773,9849.340660295324
23,56,340.7504329754248,5059.517500450741
23,57,489.985430843598,6833.826625744138
23,58,792.4720607162302,8651.657752299487
23,59,325.9934499621931,3707.7956667800827
23,60,298.18979994381186,3737.0202677260577
23,61,311.310082845588,3387.5706523848444
23,62,269.16792675320244,3052.4328714565177
23,63,738.0855527340549,9405.637639097202
23,64,727.3019802304561,10286.589581797363
23,65,365.80900677766755,5034.854634510966
23,66,563.6500173355711,6134.770933356682
23,67,892.9279782887293,12137.95301255818
23,68,420.50758612271795,4419.467760985455
23,69,479.37743039291416,6754.825659487926
23,70,485.4132346616326,6320.283066919743
23,71,31.558957299274677,332.91584435288
23,72,245.45580256569752,3044.5335971199406
23,73,475.4351477156392,5760.097952689118
23,74,708.2908371754675,7693.239085358132
23,75,248.51780651240347,2532.849316729151
23,76,464.318392124776,7295.53851719669
23,77,670.6294838614584,8073.325667604165
23,78,441.3136835816887,4595.539832861618
23,79,666.5021568600749,8680.295768568358
23,80,1004.785896042831,12953.547813535353
23,81,448.66982013242756,4622.385208233677
23,82,677.2869910900487,8124.6698122196185
23,83,861.7533583589974,12078.137816183156
23,84,604.534958113655,7594.623375054334
23,85,623.4037304355694,5375.40090770396
23,86,586.5278297997162,6787.280696438851
23,87,396.3377888958722,6229.855753997725
23,88,284.96187906009766,3337.3404331780353
23,89,366.4688163234428,5984.458886961998
23,90,306.2258606241213,2543.277523166841
23,91,481.84185762291037,5541.05792846048
23,92,490.77155589366816,6288.306377994415
23,93,579.8409677324604,6115.248852688433
23,94,267.1791025426889,3531.886778057593
23,95,461.9706179982183,4957.39709049463
23,96,538.3768576518628,6100.375070144976
23,97,645.4627894204642,8826.085848489402
23,98,283.7852570540302,1894.947364285318
23,99,262.5956370203874,3203.1850850426504
23,100,839.0204314857865,11828.38511530862
24,0,579.221637759491,9948.753400167607
24,1,664.6264742224307,7479.551777059868
24,2,361.1905168930198,4502.0269863157255
24,3,834.5352379995948,11043.65479089679
24,4,235.80269736389715,2610.1957831825566
24,5,1112.1566508062067,16055.916676072076
24,6,504.379623965522,6699.727094351366
24,7,313.1011039940711,4160.647350786258
24,8,736.2872918423734,6100.919013963205
24,9,518.7823489191729,7822.4517090229665
24,10,786.642155631223,10104.808502825173
24,11,1040.4777854267495,16171.477984016768
24,12,369.2967056043375,6217.42597276095
24,13,293.9848754166392,3868.5961085903637
24,14,344.95263698498474,3779.5055859347194
24,15,972.8849497476617,11669.79112592607
24,16,356.3588082175118,4381.108400124123
24,17,848.4977262270534,10237.739496301549
24,18,665.6740155036779,7886.948908589197
24,19,845.886919675139,12775.118716321953
24,20,675.2100104319123,11011.255285379508
24,21,249.83681943516405,2690.6261327830844
24,22,839.3454881447905,9957.717395200367
24,23,640.9472188128549,7058.860566331028
24,24,0,0.0
24,25,230.5545311052091,2980.557363880834
24,26,96.78738238840609,1102.363401772963
24,27,720.9937154057418,7897.188009720255
24,28,924.3657057269938,12472.592274085002
24,29,385.8121282492157,3863.325891848859
24,30,882.5963836596276,11825.124835947094
24,31,672.8050224334064,7237.685502322591
24,32,851.1414075165318,12787.483486053823
24,33,646.9001094797366,7652.693022962946
24,34,1016.0140278445656,13185.411733929704
24,35,939.4545659464283,12588.712661284822
24,36,332.2754504824179,3908.074913782188
24,37,182.88022432245452,2106.84305053552
24,38,238.05425305549983,3771.014102548914
24,39,911.7908374153068,10844.186651899869
24,40,419.651863683888,4418.337975581663
24,41,406.7990169443957,3998.53111746195
24,42,849.1868848936863,9209.794417278581
24,43,479.22452202945027,5342.826694512115
24,44,728.8444819345584,8141.007355960527
24,45,537.6565084944824,5388.059491792179
24,46,1085.248229551942,14760.042680293922
24,47,808.5010031569823,10397.114245178353
24,48,306.733900374534,3859.0160184040483
24,49,685.0526625782921,9195.758898850218
24,50,670.6383851071193,9251.256080355772
24,51,686.4584459290181,9929.62279211994
24,52,835.7648650409019,9823.662189199396
24,53,1020.7964806945964,14626.607314448265
24,54,378.10381786909494,6301.760630155398
24,55,811.1462758791279,11898.86620906331
24,56,511.6456415203392,5991.146214760604
24,57,697.6742880284488,11114.131090885994
24,58,1021.360917901081,14239.005052001568
24,59,873.082307147044,10631.354390062515
24,60,845.2786571286626,10461.044302857681
24,61,862.9004245640078,9700.244452857763
24,62,685.0582684716225,7180.986564891156
24,63,361.4744099189055,4045.676056623374
24,64,911.7908374153068,10712.846253507196
24,65,912.8978639625183,11930.235418650147
24,66,801.4388745204217,10519.548149116206
24,67,589.41683547358,7745.017213309079
24,68,377.9104746664392,3907.2565149643606
24,69,453.96628757776466,5619.287874221387
24,70,778.502091846483,9378.283832074158
24,71,643.4660944220448,7150.5795158985575
24,72,406.774886413405,4339.326594674358
24,73,683.1240049004897,9936.192231073019
24,74,1030.2796943603182,14093.952176460778
24,75,750.6066636972541,8277.608089972096
24,76,655.4202362301992,8378.242778158066
24,77,221.84648746057846,2523.1806284207605
24,78,400.7499341945218,4242.784942800504
24,79,245.39101404492564,3270.442127687188
24,80,721.5747532276819,9036.828102313655
24,81,254.9601618508475,2688.1700222804916
24,82,1115.9758482748991,14706.923846748114
24,83,578.5422155438482,8855.692119274878
24,84,1131.234033596142,14538.267884886036
24,85,1115.1028059180564,12425.778735373095
24,86,181.51817151813628,2436.060223136141
24,87,574.7266460807231,6792.540662870943
24,88,820.6522207785181,9061.92773417221
24,89,670.7576735082935,8248.38335057168
24,90,517.8162023425414,5254.132607759839
24,91,986.8307148077607,12330.099202255982
24,92,995.632496033415,13320.774371846055
24,93,817.629824917311,10745.488659642215
24,94,814.2679597275398,10452.111898951389
24,95,1009.0594751830691,11965.034253423082
24,96,999.07593313435,12980.519366918732
24,97,298.1516466053147,4082.664283876335
24,98,577.0755987724503,5798.06181009108
24,99,809.6844942052381,9990.87779317492
24,100,555.8092886706373,8859.773649243942
25,0,441.9451441944237,7341.061482745467
25,1,455.9499806573635,5348.880990691717
25,2,272.01402332795243,3275.036703574849
25,3,776.8485261368915,11098.419279267495
25,4,226.55129077647626,2292.8136207461002
25,5,974.8801572411393,13654.36365804561
25,6,367.1031304004546,4585.60235608398
25,7,498.21807456800553,6665.580733916368
25,8,632.1107982773058,4886.118577337539
25,9,379.3058553541058,4894.20259116736
25,10,640.3656620661558,9845.7673699952
25,11,903.2012918616822,13928.225415272027
25,12,232.02021203927006,3514.2639914150745
25,13,479.1018459905737,6667.153181180927
25,14,236.9761434199173,2629.135185744604
25,15,826.6084561825945,10551.804217055966
25,16,147.6823146524444,1526.7662028888033
25,17,711.2212326619864,8166.053996091373
25,18,500.3975219386107,5193.125721895014
25,19,708.6104261100717,10819.714399647064
25,20,537.933516866845,8588.03891777048
25,21,363.85010757246044,3881.2181846361304
25,22,693.0689945797233,8901.14117965252
25,23,547.2707252477874,6600.659035824965
25,24,231.35453110520908,2980.557363880834
25,25,0,0.0
25,26,162.8136957760404,1879.8876623583717
25,27,536.8172218406746,6541.665521928889
25,28,787.0892121619265,10684.42290380235
25,29,248.53563468414856,1978.1661890164416
25,30,745.3198900945607,9395.636917003081
25,31,535.428528868339,6703.428383030948
25,32,713.8649139514645,10638.690863803395
25,33,500.62361591466924,6997.4920744930005
25,34,865.927315981862,12488.526429003834
25,35,802.178072381361,11111.714255567673
25,36,189.19895691735047,1290.0828153757843
25,37,249.9568951374374,2455.4443015231236
25,38,100.77775949043246,1329.2297943395422
25,39,772.3143438502398,7867.999569890469
25,40,470.0607261996536,5343.476452875997
25,41,282.13872221344064,3386.798969499388
25,42,699.1103913286195,6572.826193773346
25,43,431.04802846438287,5311.271594303401
25,44,748.3718680018438,9022.023645579035
25,45,402.6800149294151,4585.512067756783
25,46,947.9717359868746,12959.11789755876
25,47,662.2245095919151,10126.938101473226
25,48,491.85087094846847,6305.747872874348
25,49,547.7761690132247,7004.675924212773
25,50,531.1618915420522,6278.098973270625
25,51,549.1819523639508,7009.523775709372
25,52,812.0781531781984,10161.747368733533
25,53,960.9097688318931,13982.627425922254
25,54,240.82732430402754,3574.284309132976
25,55,673.8697823140609,9021.20123560089
25,56,302.96914795527186,3493.543236069719
25,57,560.3977944633815,8756.329796986449
25,58,884.0844243360137,12149.974695580953
25,59,726.8058135819768,9617.157938509059
25,60,699.0021635635954,10327.891698456246
25,61,756.5268910070482,9826.896499201492
25,62,695.8715566089187,7948.054980960138
25,63,253.49791635383806,2813.4144096740038
25,64,772.3143438502398,7734.277437379848
25,65,766.6213703974511,11620.975784552205
25,66,664.1623809553547,8246.440323893517
25,67,452.1403419085125,5840.280566248033
25,68,475.91121597843403,5429.269621031124
25,69,245.28979401269743,2670.084726662903
25,70,622.8255982814161,6842.924078559189
25,71,535.7896008569772,6549.791724947879
25,72,271.7983928483377,3573.071580790936
25,73,545.8475113354227,7658.222823720408
25,74,893.003200795251,12433.576736259756
25,75,553.230170132187,6867.585904224697
25,76,511.74374266513195,5520.230932791806
25,77,430.1634580345128,5494.99448166055
25,78,613.6173134374047,5878.73828278976
25,79,171.31820291649638,2146.0883486660014
25,80,584.2982596626144,6919.628510998849
25,81,375.8734499881439,3971.5820792204254
25,82,978.699354709832,13151.41669851446
25,83,441.26572197878073,6420.670280167277
25,84,1005.3473217334387,13372.545259790882
25,85,1024.2160940553526,11593.737750408902
25,86,366.63514209207074,5132.671091785507
25,87,366.0501525156557,4000.3244319733967
25,88,752.465508915814,9446.221864395136
25,89,505.48117994322627,5647.896173181624
25,90,520.7294904798375,5849.066372440252
25,91,849.5542212426934,11063.70588748773
25,92,891.5839195134517,12735.6531465688
25,93,680.353331352244,8530.835651482193
25,94,667.9914661624726,10122.996750404247
25,95,862.7829816180019,11471.638991484077
25,96,939.1892212716466,12683.892252966776
25,97,160.87515304024737,2242.064562219093
25,98,576.1888869097465,6120.0016067941215
25,99,663.4080006401709,9799.553076527049
25,100,418.5327951055699,6330.567810371384
26,0,530.9816779142589,8980.610431507568
26,1,596.8856388932621,6584.358289883538
26,2,323.05055704778755,3872.0382162498886
26,3,882.5850598567265,10921.491964932253
26,4,157.16273751866495,1995.7718448661412
26,5,1063.9166909609744,15116.62310391019
26,6,456.13966412028975,5863.076358708113
26,7,363.65092585120254,4999.039598320135
26,8,694.1473319971408,5454.710555192203
26,9,470.5423890739408,6743.613321296148
26,10,746.1021957859908,9857.842845465253
26,11,992.2378255815174,15282.15126619879
26,12,321.05674575910524,5201.770524168416
26,13,344.5346972737707,4860.510975212926
26,14,306.8126771397525,3122.0588660515264
26,15,932.3449899024296,11133.152511302094
26,16,288.61797288834316,3290.106487836982
26,17,800.2577663818213,9382.061322712221
26,18,617.4340556584457,6844.929614109238
26,19,797.6469598299069,11967.959206077005
26,20,626.9700505866803,10054.098355079226
26,21,288.98664129229553,2793.3483167258546
26,22,795.9055282995577,9427.71295616869
26,23,609.3072589676226,6693.931354453596
26,24,96.7873823884061,1102.363401772963
26,25,162.81369577604042,1879.8876623583717
26,26,0,0.0
26,27,648.0537555605097,7242.664021477363
26,28,876.1257458817618,11717.801215654237
26,29,337.57216840398365,2996.3085170940453
26,30,834.3564238143955,10868.599987157037
26,31,617.0586950439913,6849.443114124885
26,32,802.9014476712997,11919.388844451736
26,33,606.3601496345044,7229.867312065954
26,34,971.663849701697,12805.242917057578
26,35,891.2146061011962,11936.64477164205
26,36,284.0354906371856,2876.8372240656763
26,37,188.3934288572725,1671.1574411397985
26,38,189.8142932102676,2768.9072858574013
26,39,863.5508775700746,9741.825974309793
26,40,452.79725991948874,4512.505495957774
26,41,344.17525593327576,3454.1095202929782
26,42,800.9469250484547,8186.876672009708
26,43,460.9845621842181,5085.092526631377
26,44,779.3943037916897,8307.379491044023
26,45,464.7165486492502,4854.045786147684
26,46,1037.0082697067098,14010.041747048643
26,47,767.9610433117501,10149.033109900254
26,48,357.2837222316655,4663.152933320747
26,49,636.8127027330598,8360.780655090524
26,50,622.3984252618872,8149.015737184829
26,51,638.2184860837859,8855.259585127049
26,52,874.1146868980335,9797.001358280786
26,53,1066.6463025517282,14272.887017029749
26,54,329.8638580238627,5279.789129041826
26,55,762.9063160338961,10817.128672020575
26,56,443.90480619117056,4983.501422106027
26,57,649.4343281832167,10176.576048256273
26,58,973.120958055849,13394.237960671922
26,59,832.5423473018119,10122.104120076456
26,60,804.7386972834305,10263.838391061221
26,61,840.8502464211393,9591.976697966798
26,62,708.8080903287541,7286.426797793917
26,63,323.3344500736733,3383.7923448891747
26,64,863.5508775700746,9610.58637096557
26,65,872.3579041172861,11680.965628827278
26,66,753.1989146751896,9604.727558753722
26,67,541.1768756283477,6989.376533587199
26,68,428.4602965235707,4252.173661619959
26,69,386.225452248596,4519.051952888727
26,70,730.2621320012513,8383.453260519535
26,71,597.8261345768125,6736.97806834755
26,72,333.8349265681728,3765.460278064844
26,73,634.8840450552576,9017.155663031263
26,74,982.0397345150863,13387.896896261107
26,75,677.666703852022,7610.938542750933
26,76,607.180276384967,7298.204928918956
26,77,295.59630931770994,3616.0767926197836
26,78,451.29975605165333,4654.024228791925
26,79,207.2510541996934,2565.433942941082
26,80,673.3347933824496,8224.938320238722
26,81,297.50998370797896,2838.3775287591925
26,82,1067.735888429667,14038.115279431642
26,83,530.302255698616,7939.18283650841
26,84,1098.2838554532725,14001.182823652176
26,85,1129.9526277751877,11993.254063184633
26,86,232.06799337526778,3356.2911895836983
26,87,506.98581075155437,5723.657658538984
26,88,814.5020426356491,9044.370684392588
26,89,622.5177136630613,7231.48881536543
26,90,533.6660241996728,5241.2793055316
26,91,938.5907549625286,11747.283934909288
26,92,997.3204532332868,12981.186456044528
26,93,769.3898650720789,9849.172417207436
26,94,773.7279998823077,10183.115414827955
26,95,968.519515337837,11649.46599585291
26,96,1044.9257549914814,12742.974388743574
26,97,249.9116867600825,3242.2728685230436
26,98,589.125420629582,5693.108844463474
26,99,769.144534360006,9767.509560662857
26,100,507.5693288254051,7912.954777945153
27,0,899.788010931595,11260.372482116978
27,1,233.29284739453456,2326.9163184805934
27,2,781.9568900651235,9711.178017319091
27,3,437.3913928740624,5833.8885002968545
27,4,453.29415751364724,5301.515641559564
27,5,842.3230239783103,9028.439606961449
27,6,827.145997137626,10152.92559966726
27,7,805.1572588685385,8567.245403277322
27,8,321.55366501447685,1797.2527277161319
27,9,611.048722091277,8012.264406319064
27,10,300.90852880332665,4281.837215014758
27,11,770.6441585988532,8800.146792284793
27,12,668.4571135885487,8319.554541010466
27,13,856.6410302911065,9404.830675550947
27,14,746.9190101570888,9140.092512167708
27,15,381.8754466212296,4013.9732457650066
27,16,537.0699089654316,5575.359439143203
27,17,323.67773353423144,3121.642840167279
27,18,400.5403886757817,4429.424254617627
27,19,578.9532928472432,5130.057916753814
27,20,408.2763836040163,4728.989073488281
27,21,558.3929743096313,5841.9306482193615
27,22,212.0588096228347,2415.8574459490032
27,23,211.00485822089112,2252.7446939280667
27,24,680.993715405742,7897.188009720255
27,25,536.8172218406748,6541.665521928889
27,26,610.4537555605098,7242.664021477363
27,27,0,0.0
27,28,500.13207889909785,4669.076962152519
27,29,758.4785014213195,8361.049978455176
27,30,597.4627568317317,5369.268502258848
27,31,200.17139560550999,2074.368247237741
27,32,584.207780688636,5452.946368167824
27,33,140.56648265184035,1815.6687272869524
27,34,526.470182719033,6112.128978383618
27,35,452.22093911853267,4697.8249694916785
27,36,688.0418236545219,7377.142210544769
27,37,500.49976187460845,5791.593956239029
27,38,610.7206262276038,7572.562730434835
27,39,766.4572105874106,8381.493912726584
27,40,483.4080185583553,5150.856783889234
27,41,345.0815889506116,3909.587677198413
27,42,493.5532580657905,4566.7113171247065
27,43,321.0908952015539,3434.8922477700366
27,44,505.514734739015,6086.707915482174
27,45,271.6228816665862,2585.160554920054
27,46,716.1146027240458,6920.888035367695
27,47,322.7673763290861,4486.842588757652
27,48,753.7211040371127,8243.03774847689
27,49,1007.4190357503957,11990.162932058995
27,50,561.9411192145996,7281.780460739595
27,51,769.2248268101356,9409.388227573658
27,52,479.22101991536937,5651.632208793904
27,53,621.452635569064,7602.042444157972
27,54,659.6500013244366,8282.212693971973
27,55,623.5126490512313,7705.3030326382095
27,56,379.90566333237933,3895.933591806897
27,57,430.7406612005528,4584.747200889053
27,58,652.2272910731849,6703.625683277752
27,59,269.1728040206117,3129.4537333150956
27,60,359.54503030076637,4881.808930466846
27,61,417.0697577442191,4989.438043716513
27,62,473.51442334608964,5302.837056740122
27,63,763.4407830910095,9292.77805561105
27,64,766.4572105874106,8409.49161700841
27,65,427.16423713462217,5711.727614554397
27,66,368.70524769252546,3884.1176343069756
27,67,932.0832086456837,11437.48980149952
27,68,553.5540827156052,6189.009222924096
27,69,518.5326607498686,5789.685402803389
27,70,376.7684650185871,4181.170607313032
27,71,220.1141876562292,1919.9041866450045
27,72,314.011032922652,3563.1141547565635
27,73,341.5939208483962,3510.6637185538625
27,74,605.3460675324224,6206.21228800483
27,75,50.073036869358006,389.8231289781172
27,76,493.7736224817308,5520.674100922747
27,77,803.6759804543456,9438.376769751543
27,78,589.0601801745759,6464.6320783988185
27,79,691.8573872170296,8685.082476091817
27,80,1043.9411263997854,12046.114673088618
27,81,570.1163167253148,5936.079242032385
27,82,619.5422214470034,6810.779393962416
27,83,900.9085887159517,11015.549443004551
27,84,599.5143121720737,6834.445287353647
27,85,684.758960792524,5152.513811829136
27,86,719.5743263926033,8253.223107031603
27,87,435.4930192528267,4814.669323689015
27,88,427.6083756529849,5262.0422151126695
27,89,405.62404668039727,4070.926304064951
27,90,439.2723572170085,4515.434605325121
27,91,443.521211681329,4536.323833099576
27,92,552.1267862506227,6440.726237924975
27,93,384.89619808941484,3879.022980892054
27,94,328.5343328996435,4387.112252572369
27,95,509.24997205663686,5343.341648831202
27,96,599.7320880088175,6698.461226277983
27,97,670.8180197774188,8588.6345725119
27,98,416.8317536469172,3966.020836629587
27,99,323.9508673773419,4365.852023413021
27,100,878.1756618427409,10708.896004283835
28,0,851.7467805188554,13324.593920890398
28,1,565.751616981795,5370.609509691866
28,2,766.5156596523836,13557.775713679755
28,3,651.3501624613227,7368.646119581047
28,4,846.8529271009079,9862.486815931263
28,5,452.68179356557084,5041.4835917340415
28,6,779.1047667248863,13351.17634176411
28,7,1140.0160284557996,13140.76907108031
28,8,872.3124346017376,6414.878945535321
28,9,563.0074916785375,10362.837295718924
28,10,657.8672983905873,6113.076800903151
28,11,362.40292818611374,4432.118348082099
28,12,620.4158831758091,11422.109245883648
28,13,1120.899799878368,14032.22521617131
28,14,731.4777797443489,13111.620625390779
28,15,457.0100925070259,2960.2516347351952
28,16,752.7286785526919,9401.565430076194
28,17,388.5228689864177,2714.3287956921013
28,18,518.5991582630421,6543.473246177883
28,19,238.9120624345036,868.6235886850156
28,20,341.2351531912767,3690.6859471796106
28,21,972.6517438968917,10510.991942122657
28,22,611.1934555086309,3635.650313932699
28,23,733.9636278081516,6444.411702646437
28,24,873.1524849930026,12472.592274085002
28,25,736.8759914279354,10684.42290380235
28,26,824.9125251477703,11717.801215654237
28,27,636.518858165106,4669.076962152519
28,28,0,0.0
28,29,726.4372710085798,12244.208332483442
28,30,275.63820986384917,3537.054098572292
28,31,723.1301651927705,6216.24864737778
28,32,244.16655027589624,1879.3782673370242
28,33,688.3252522391009,5768.049395889959
28,34,557.6289523062935,5086.339554043208
28,35,332.4797087057931,1484.6894200372549
28,36,707.8005932417824,11219.278660082407
28,37,894.0585314618692,10384.9724561699
28,38,674.7793958148641,11453.852481571517
28,39,735.8159801746712,9010.600689434634
28,40,919.7623625240847,9712.347589179131
28,41,759.3403585378719,8536.269591571416
28,42,633.0120276530508,5574.261458739184
28,43,763.349664788814,8003.47656593285
28,44,831.5594063962861,9548.113680811464
28,45,685.8816512538464,7251.907220625734
28,46,401.973372311306,2292.255786944598
28,47,663.6261459163467,6086.9722977375295
28,48,1133.6488248362625,12834.667423815754
28,49,959.3778053376561,14617.571899141496
28,50,531.2998888018601,8686.401197866371
28,51,738.5835963973961,10940.761671098522
28,52,715.9797895026297,8104.531681759722
28,53,732.5114051563245,6082.724954675222
28,54,611.608770911697,11347.394426288853
28,55,479.8714186384919,7214.581865899734
28,56,599.1644329196398,7356.625706209778
28,57,363.6994307878132,3305.792056522488
28,58,414.38606066044537,2307.2611603851433
28,59,543.907449906408,3509.0313692150803
28,60,659.2651149551191,6573.201988236065
28,61,713.5285273314795,7375.341164274568
28,62,909.0791401437469,9119.721726885675
28,63,747.9995526782697,13211.147038285046
28,64,735.8159801746712,9140.394221592818
28,65,594.4230067218825,6219.671157052304
28,66,390.76401727978583,3201.052763599304
28,67,884.0419782329441,14519.298656346868
28,68,1004.7128523028656,10771.538622390864
28,69,607.0914303371288,9083.874907305557
28,70,491.3547131435375,4994.828779966447
28,71,743.0729572434897,6158.931658623352
28,72,728.2698025099123,8186.547137458152
28,73,326.9491476598541,3601.918416937103
28,74,423.3048371196827,1813.8927625516048
28,75,651.6318064566184,4279.414324802137
28,76,472.832392068991,7265.472692246534
28,77,1028.1614119223063,14106.767413451493
28,78,1040.2189497618365,11000.7015120693
28,79,715.4267216051732,12741.818858251549
28,80,995.8998959870459,14758.512453129453
28,81,984.3750863125753,10604.802172952366
28,82,390.46509260830726,2647.143602286497
28,83,852.8673583032122,13524.838789191648
28,84,539.5489580578699,3880.854402069392
28,85,755.3177303797844,4243.780410544228
28,86,1008.4330959798643,12919.042727484064
28,87,498.95178884008703,7610.456144845725
28,88,799.4671452402454,8140.647284271914
28,89,523.6828162676577,5936.32556660144
28,90,890.431126804269,8969.251440785547
28,91,379.85585756712544,2374.672973095667
28,92,583.2855558378833,5616.437735589382
28,93,406.9549676766752,2821.630546986834
28,94,625.893102486904,5884.545273090079
28,95,568.2846179424334,5499.929184862597
28,96,756.7908575960776,6660.558344017579
28,97,655.376789364679,12427.457929615673
28,98,867.990523234178,8337.540174702426
28,99,680.3096369646025,6337.502165120232
28,100,830.1344314300013,13136.193364771772
29,0,431.56465175169427,6117.128721620207
29,1,548.6694882146339,6876.751291619117
29,2,223.63353088522305,1350.1988438945123
29,3,916.8680336941622,13075.913881404736
29,4,377.9707983337467,4192.787549326377
29,5,926.49966479841,14728.747899425032
29,6,333.92263795772516,2866.8158501370253
29,7,570.033899688638,7976.855583907379
29,8,772.1303058345763,6785.400583479558
29,9,333.12536291137644,4470.259186652005
29,10,780.3851696234266,11812.446241188167
29,11,854.8207994189529,15141.203933377243
29,12,221.63971959654066,2565.665462521485
29,13,550.9176711112059,7728.2437483223375
29,14,188.5956509771879,907.382972874541
29,15,878.3279637398646,12371.698359473337
29,16,252.0018222097149,2854.0890424628756
29,17,662.8407402192569,9617.611468603342
29,18,480.0170294958812,6191.103632659706
29,19,660.2299336673424,12283.583327849297
29,20,489.5530244241157,9746.162362928768
29,21,506.7696151297307,5605.874696427869
29,22,833.0885021369941,10756.385925429431
29,23,687.2902328050582,8568.813170187523
29,24,303.17035622584143,3863.325891848859
29,25,166.89386266077415,1978.1661890164416
29,26,254.93039638060927,2996.3085170940453
29,27,676.8367293979453,8361.049978455176
29,28,738.7087197191972,12244.208332483442
29,29,0,0.0
29,30,696.9393976518314,10524.301478434681
29,31,675.4480364256098,8665.427270108708
29,32,665.4844215087352,11977.43881723162
29,33,640.6431234719402,8945.282488280149
29,34,978.9468235391322,14388.797734526976
29,35,753.7975799386317,12805.833862602092
29,36,199.018464474621,1024.9790021459517
29,37,401.3764026947079,4227.4696750105795
29,38,104.797267047703,796.5939175522728
29,39,726.1338514075103,7883.974709800469
29,40,610.0802337569243,7197.568590446499
29,41,422.1582297707113,5364.1342373501775
29,42,663.5298988858901,7566.3527600682055
29,43,571.0675360216534,7283.356923013998
29,44,888.3913755591145,10936.290188862433
29,45,542.6995224866857,6548.283826578114
29,46,899.5912435441453,14479.676169230834
29,47,802.2440171491859,12091.944969738299
29,48,563.6666960691008,7649.642145186105
29,49,526.9956765704951,5365.2978714677
29,50,484.98139909932286,6399.154123214912
29,51,529.3014599212215,6456.300340759142
29,52,952.097660735469,12134.660616422463
29,53,1100.9292763891638,15885.148288645232
29,54,230.44683186129814,2671.819889259396
29,55,625.4892898713316,9467.953342926327
29,56,425.08865551254263,4889.282945995365
29,57,512.0173020206522,9971.026902305659
29,58,835.7039318932844,13504.94691295394
29,59,866.8253211392476,11473.865320633244
29,60,839.0216711208662,12300.479302629157
29,61,896.546398564319,11804.910033686185
29,62,835.8910641661893,9870.479370822404
29,63,205.11742391110866,967.3541543032525
29,64,726.1338514075103,7714.134731467196
29,65,906.6408779547219,13577.966203618014
29,66,615.7818885126252,9549.252845057896
29,67,403.759849465783,4018.806517247608
29,68,634.8432703610058,7138.501322009405
29,69,280.509301569968,3369.7645576303826
29,70,592.8451058386867,7949.048789793713
29,71,675.8091084142479,8507.354978758582
29,72,411.8179004056083,5549.730140473009
29,73,497.4670188926933,8976.74151149136
29,74,844.6227083525217,14031.64474090304
29,75,693.2496776894579,8662.381621467044
29,76,469.76325022240263,6179.6178559275095
29,77,494.7210551785196,6255.824608208818
29,78,753.6368209946753,7566.518617816971
29,79,172.54459283801242,838.961191855096
29,80,529.8302072948292,5229.15648746664
29,81,511.89295754541416,5677.41375551674
29,82,930.3188622671028,14789.080440345751
29,83,430.8852295360513,4993.4985758102175
29,84,960.8668292907084,15152.510068078735
29,85,1164.2356016126234,13473.213376572485
29,86,438.45096721270306,6287.513654254272
29,87,391.1696600729262,4942.728349483745
29,88,892.4850164730847,11415.108225444632
29,89,485.1006875004968,6741.765071944077
29,90,660.748998037108,7769.927659580232
29,91,801.1737287999641,12833.631990464019
29,92,1004.603427070722,14653.750064310416
29,93,631.9728389095145,9871.03471289461
29,94,808.0109737197434,12083.428123322612
29,95,989.6024891752722,13408.82231019725
29,96,1079.208728828917,14638.887817210027
29,97,112.49466059751789,269.6593149226343
29,98,716.2083944670171,8075.387573513904
29,99,803.4275081974417,11770.4319721694
29,100,408.1523026628405,5011.7473558616475
30,0,831.5906791854811,10267.278047559095
30,1,528.6955156484206,4413.67708776293
30,2,746.3595583190092,11715.845665391378
30,3,675.3107445728052,10109.401216200666
30,4,826.6968257675334,9358.226311349285
30,5,428.62569223219646,4259.852565449581
30,6,758.948665391512,10955.993308242681
30,7,1119.859927122425,13595.952856497513
30,8,852.1563332683631,6531.776080382003
30,9,542.8513903451632,7626.743796111297
30,10,681.8278805020698,8633.925281953412
30,11,356.94682685273943,4628.680179894246
30,12,600.2597818424348,9084.886232485753
30,13,1100.7436985449933,14272.967307449342
30,14,711.3216784109745,11431.158394467107
30,15,480.9706746185085,6087.764422578801
30,16,732.5725772193175,7906.149013621034
30,17,300.78040178811744,2295.7905514147205
30,18,498.44305692966776,4334.530541360671
30,19,262.87264454598625,2893.1381699696904
30,20,304.1790518579024,814.539012981586
30,21,952.4956425635173,10525.793454034823
30,22,544.2373541752567,5917.866639780435
30,23,713.8075264747772,7615.1560178426635
30,24,852.9963836596282,11825.124835947094
30,25,716.719890094561,9395.636917003081
30,26,804.7564238143959,10868.599987157037
30,27,599.4627568317317,5369.268502258848
30,28,341.351430597841,3537.054098572292
30,29,706.2811696752054,10524.301478434681
30,30,0,0.0
30,31,702.9740638593961,7424.575017129452
30,32,268.1271323873789,1976.0985601964992
30,33,668.1691509057265,7097.089888136355
30,34,581.5895344177761,8468.806939573544
30,35,356.4402908172757,4972.682489040089
30,36,687.644491908408,9538.504076369549
30,37,873.9024301284946,9929.074916667358
30,38,654.6232944814897,9793.588619597556
30,39,699.8598788412967,5628.605382726928
30,40,899.6062611907103,10299.507352854287
30,41,739.1842572044975,8365.83423041715
30,42,532.9559263196766,2982.9069835597697
30,43,743.1935634554396,8647.013713614675
30,44,855.5199885077686,11360.494065131339
30,45,665.725549920472,7458.812707456512
30,46,497.23395442278866,4901.467775803941
30,47,687.5867280278292,8705.214536712105
30,48,1113.4927235028879,13241.362856977534
30,49,939.2217040042818,11795.118591505832
30,50,475.0437874684857,5622.078581636758
30,51,702.6274950640217,7764.385394863051
30,52,739.9403716141122,10469.661060500059
30,53,756.4719872678071,9581.743975439385
30,54,591.4526695783227,8989.008932362329
30,55,371.91531730511764,3686.1402306970926
30,56,579.0083315862654,5917.875719162116
30,57,326.64332945443886,792.9980176364962
30,58,410.92995932707106,3319.875912152216
30,59,594.2513485730337,6178.32522644773
30,60,683.2256970666016,9194.994947882466
30,61,737.489109442962,9735.694369196233
30,62,931.1170915999759,10650.408969346201
30,63,727.8434513448952,11465.667631033999
30,64,699.8598788412967,5781.300288212799
30,65,618.383588833365,9260.809596457542
30,66,255.35363344488317,1495.68758652579
30,67,863.8858768995698,11984.056453334624
30,68,984.5567509694912,11266.017404328264
30,69,586.9353290037544,7156.760715099347
30,70,402.1711332724731,2578.421108776951
30,71,722.9168559101153,7282.606305437899
30,72,708.1137011765379,8044.45886410201
30,73,289.89304632647975,1987.639357174738
30,74,447.26541923116537,5020.302526862735
30,75,614.575705123244,5086.685656004562
30,76,430.4762907356165,4608.855868899541
30,77,1008.0053105889319,13912.955144287398
30,78,1020.062848428462,11607.570659480345
30,79,695.2706202717987,11184.07793415601
30,80,975.7437946536716,11979.367554854045
30,81,964.2189849792009,10639.714749600264
30,82,532.9615731457467,5891.617317628373
30,83,832.7112569698379,10680.940155486005
30,84,563.5095401693524,7407.024882066082
30,85,779.278312491267,7533.310367634653
30,86,988.2769946464899,12920.564201320289
30,87,478.7956875067127,5581.63632831369
30,88,823.4277273517279,10280.569916344713
30,89,468.9267149342834,3789.5187357504387
30,90,870.2750254708945,9793.33795583609
30,91,403.81643967860805,5748.041530104686
30,92,607.2461379493659,8984.918891452478
30,93,285.1988663433009,1514.634393428801
30,94,649.8536845983865,8525.853277030854
30,95,592.2452000539159,8597.772619017962
30,96,780.75143970756,9892.046495962795
30,97,635.2206880313046,10648.188171485806
30,98,847.8344219008036,9298.882504266527
30,99,704.270219076085,8816.577625643831
30,100,809.978330096627,10265.393579862197
31,0,880.5993179592593,12530.257344721682
31,1,337.0041544221989,4072.7176846814236
31,2,776.5681970927878,9978.459815617398
31,3,378.30269990172667,4509.7611072365
31,4,442.10546454131156,4865.108780266135
31,5,924.4343310059746,10915.068286818792
31,6,807.9573041652903,10889.125968015967
31,7,692.6685658962033,6976.524642820867
31,8,202.56497204214122,2116.3003742263872
31,9,591.8600291189414,9307.394083355173
31,10,241.81983583099102,3150.223162808217
31,11,852.7554656265175,10561.827416209226
31,12,649.2684206162131,9210.779845622574
31,13,747.252337318771,7936.819215352952
31,14,741.5303171847531,9315.990916827242
31,15,428.0626299474299,4562.600134492252
31,16,517.881215993096,6170.328828213039
31,17,520.8890405618959,5149.307529496827
31,18,381.35169570344607,6125.397568940144
31,19,658.164599874907,6831.8733283958745
31,20,487.4876906316804,6800.7860150471
31,21,468.3042813372958,4762.244897320308
31,22,294.52316834455837,2900.0200241374923
31,23,24.21616524855545,229.36421452880734
31,24,656.1050224334065,7237.685502322591
31,25,531.4285288683392,6703.428383030948
31,26,599.265062588174,6849.443114124885
31,27,211.87139560550997,2074.368247237741
31,28,621.4433859267617,6216.24864737778
31,29,753.0898084489838,8665.427270108708
31,30,694.8740638593962,7424.575017129452
31,31,0,0.0
31,32,663.4190877162998,7320.882846450103
31,33,110.38306203866117,467.53580379885585
31,34,467.3814897466974,5960.93403176002
31,35,544.7322461461969,5805.635013050882
31,36,682.6531306821862,7785.853669856971
31,37,489.3110689022728,5209.4500356952085
31,38,605.3319332552682,7930.357375225714
31,39,747.268517615075,10194.317189338375
31,40,374.0193255860197,3583.90093520656
31,41,293.87669714416376,3427.8694039586085
31,42,581.6645650934547,6510.5637605566135
31,43,211.70220222921816,1983.8713379144322
31,44,324.8260417666794,4027.787827796723
31,45,231.8341886942505,2118.0185862101393
31,46,848.7259097517092,8311.738745767598
31,47,263.6786833567504,3427.2387709912105
31,48,638.9324110647773,6692.771062235113
31,49,988.23034277806,12979.620110827382
31,50,542.7524262422639,8953.940615604117
31,51,750.0361338378,10942.271259818604
31,52,357.0323269430337,3924.38060661464
31,53,562.363942596728,7423.590991797842
31,54,640.461308352101,9198.122340785842
31,55,606.4239560788963,9712.434645964106
31,56,360.7169703600437,5041.720768475265
31,57,509.95196822821686,6645.840969503759
31,58,794.7385981008491,8426.557941906249
31,59,328.259987346812,3493.444389643328
31,60,300.4563373284307,3662.8374756139597
31,61,323.76788646613954,3379.576633919518
31,62,292.825730373754,3230.227162892027
31,63,758.0520901186738,9513.07527725075
31,64,747.268517615075,10199.147248337742
31,65,368.07554416228646,4918.851128144001
31,66,565.91655472019,5948.610928755272
31,67,912.8945156733481,12194.801428569728
31,68,444.16538974326954,4645.8666832280605
31,69,499.34396777753307,6769.529226687707
31,70,505.37977204625145,6181.133016039376
31,71,33.32549468389355,199.53734156985632
31,72,265.4223399503164,3166.041823677707
31,73,495.401685100258,5585.027021971813
31,74,710.5573745600863,7464.759861577837
31,75,250.78434389702232,2338.2792356208906
31,76,484.28492950939483,7217.476291103296
31,77,694.28728748201,8286.801885826773
31,78,464.97148720224027,4824.360270117181
31,79,686.4686942446939,8796.346473226577
31,80,1024.75243342745,12990.124174234887
31,81,472.3276237529791,4826.211707633594
31,82,679.5535284746675,7899.249462088231
31,83,881.7198957436161,12096.73290646334
31,84,606.8014954982739,7387.3175014441595
31,85,625.6702678201882,5189.370147890515
31,86,610.1856334202678,7004.283385995401
31,87,416.30432628049107,6192.346790755334
31,88,297.41968268064926,3395.0431412017424
31,89,386.43535370806165,5882.710297099608
31,90,329.8836642446729,2772.4588570537667
31,91,484.1083950075293,5320.295427983088
31,92,493.0380932782871,6132.887811505501
31,93,582.1075051170793,5921.016406693869
31,94,269.4456399273078,3419.576851667131
31,95,464.2371553828372,4813.491820697668
31,96,540.6433950364817,5983.062815580879
31,97,665.4293268050832,8920.700732212112
31,98,307.4430606745816,2124.048587832005
31,99,264.8621744050063,3124.059472128359
31,100,858.9869688704052,11840.293223708843
32,0,846.0357030423852,12207.109471426485
32,1,528.6405395053247,5338.480399651359
32,2,760.8045821759133,13231.661362941288
32,3,609.0390849848525,9126.590783151445
32,4,841.1418496244376,10216.147409298903
32,5,460.4707160891006,3594.331234794522
32,6,773.3936892484161,12690.324313282048
32,7,1128.8049509793284,14007.151976049696
32,8,863.801357125267,6992.3602490829935
32,9,557.2964142020672,9462.89175597174
32,10,615.556220914117,7782.507759792393
32,11,388.79185070964354,3403.488370975997
32,12,614.7048056993389,10784.420583322542
32,13,1109.9887224018967,14803.972671026553
32,14,725.7667022678786,12874.726869561164
32,15,414.6990150305556,4789.1863035897995
32,16,747.0176010762217,9223.398688863546
32,17,279.11179150994735,2552.526126026766
32,18,512.8880807865718,5897.865027316578
32,19,210.8009849580333,1052.0111921653843
32,20,335.52407571480643,2458.465285406222
32,21,966.9406664204214,11135.404980269075
32,22,521.6823780321607,5143.638751132843
32,23,728.2525503316813,7538.22854328227
32,24,867.4414075165323,12787.483486053823
32,25,731.1649139514651,10638.690863803395
32,26,819.2014476713,11919.388844451736
32,27,599.3077806886358,5452.946368167824
32,28,249.47977100988794,1879.3782673370242
32,29,720.7261935321095,11977.43881723162
32,30,268.1271323873789,1976.0985601964992
32,31,717.4190877163002,7320.882846450103
32,32,0,0.0
32,33,682.6141747626306,6915.066187844663
32,34,515.3178748298233,6964.892680979962
32,35,290.1686312293228,3358.724287575416
32,36,702.0895157653121,10964.116228647414
32,37,888.3474539853988,10771.723187147232
32,38,669.0683183383937,11212.833326513688
32,39,730.1049026982008,7604.410938000493
32,40,914.0512850476143,10601.300292190523
32,41,753.6292810614016,9032.893270573768
32,42,627.3009501765807,4673.922383487069
32,43,757.6385873123437,8887.36900010063
32,44,789.2483289198159,10981.002833320514
32,45,680.170573777376,7903.222161087252
32,46,329.9622948348358,2929.1084005081657
32,47,621.3150684398764,7791.492741375288
32,48,1119.9377473597913,13675.38968332758
32,49,953.6667278611859,13677.377266017342
32,50,525.5888113253899,7546.999487159978
32,51,732.8725189209258,9723.072923167656
32,52,673.6687120261595,9739.306702784936
32,53,690.2003276798541,7922.275695397941
32,54,605.8976934352268,10696.069873696602
32,55,474.1603411620216,5604.1686055936425
32,56,593.4533554431696,7161.106142214912
32,57,357.9883533113429,2124.3624707028744
32,58,266.0749831839752,1528.1052019705864
32,59,481.4963724299378,5182.449975033578
32,60,616.9540374786488,8284.572600794023
32,61,671.2174498550092,9000.684876345596
32,62,866.7680626672767,10428.773040124377
32,63,742.2884752017993,12937.993046327207
32,64,730.1049026982008,7757.380373033481
32,65,552.1119292454123,8055.214483838906
32,66,281.3529398033156,2429.0768922608627
32,67,878.3309007564739,13774.022574322791
32,68,999.0017748263953,11631.499378402357
32,69,601.3803528606585,8659.683306884868
32,70,454.2436356670673,4157.423069040783
32,71,737.3618797670193,7221.603267110485
32,72,722.558725033442,8689.167608486434
32,73,321.2380701833838,3002.1699240698736
32,74,343.40047870953066,3080.6318965369314
32,75,614.5207289801481,5091.098465956251
32,76,467.1213145925207,6378.588219254643
32,77,1022.450334445836,14666.713613631195
32,78,1034.5078722853661,11916.53485525927
32,79,709.7156441287028,12570.944174281178
32,80,990.1888185105756,13849.251140442317
32,81,978.6640088361049,11240.453831272438
32,82,443.1899135577935,3941.5907242038015
32,83,847.156280826742,12566.19402325321
32,84,497.23788058139957,5584.6320361863645
32,85,713.006652903314,6118.153714186059
32,86,1002.722018503394,13565.112147449785
32,87,493.24071136361675,7098.035992464886
32,88,757.1560677637751,9689.896771718304
32,89,517.9717387911874,5300.564492440126
32,90,884.7200493277986,9957.524480411199
32,91,337.54478009065514,4252.098413129317
32,92,540.974478361413,7495.361302614042
32,93,297.54389020020506,2112.5627183888514
32,94,583.5820250104338,7594.720076348178
32,95,525.9735404659631,7344.956842747007
32,96,714.4797801196073,8533.202068579005
32,97,649.6657118882086,12128.504402529377
32,98,862.2794457577077,9378.3351257546
32,99,637.9985594881323,7994.44088821655
32,100,824.4233539535311,12157.132900058388
33,0,879.7944050055897,12613.753555464307
33,1,336.1992414685293,3973.44099446936
33,2,775.7632841391181,10269.640381565521
33,3,349.60305930721347,4366.440982268348
33,4,441.3005515876419,5237.7608126951845
33,5,960.4346904114612,10507.146532074434
33,6,807.1523912116207,11093.732465950286
33,7,682.6636529425333,7441.881294019219
33,8,201.7600590884716,2257.393389840538
33,9,591.0551161652718,9376.038838699467
33,10,213.12019523647783,2925.5492773291685
33,11,888.7558250320042,10130.09598956165
33,12,648.4635076625435,9376.513045080068
33,13,734.1474243651013,8404.310530305842
33,14,740.7254042310834,9620.59797303603
33,15,399.3629893529167,4104.185873783405
33,16,517.0763030394264,6379.600687130509
33,17,492.1893999673827,4808.532944801064
33,18,380.54678274977647,6061.263263196845
33,19,657.3596869212374,6398.531242093046
33,20,486.6827776780108,6500.164784039685
33,21,458.80172154885656,5208.999667621039
33,22,265.82352775004523,2434.0545636823567
33,23,70.41652465404229,694.5873814762085
33,24,655.3001094797368,7652.693022962946
33,25,530.6236159146695,6997.4920744930005
33,26,598.4601496345043,7229.867312065954
33,27,140.56648265184035,1815.6687272869524
33,28,592.7437453322487,5768.049395889959
33,29,752.2848954953141,8945.282488280149
33,30,694.0691509057266,7097.089888136355
33,31,59.583062038661154,467.53580379885585
33,32,662.6141747626302,6915.066187844663
33,33,0,0.0
33,34,438.6818491521842,5576.61361523533
33,35,516.0326055516837,5338.4986053649345
33,36,681.8482177285166,8042.50355339102
33,37,488.5061559486031,5604.9171454375655
33,38,604.5270203015984,8197.141359808182
33,39,746.4636046614054,10099.002580958206
33,40,360.9144126323501,4051.4366863586924
33,41,293.0717841904941,3786.970886189911
33,42,580.8596521397851,6348.68515278704
33,43,198.59728927554855,2440.8752942067786
33,44,364.9264011721662,4284.410062457656
33,45,231.02927574058086,2428.1047461118796
33,46,820.0262691571961,7849.642097585864
33,47,234.97904276223727,3188.338915917192
33,48,631.2274981111075,7159.445492147907
33,49,987.4254298243904,13133.477557283364
33,50,541.9475132885943,8908.946987369425
33,51,749.2312208841304,10947.319677784473
33,52,346.6326863485205,3935.021812566723
33,53,533.6643020022148,7051.431664438532
33,54,639.6563953984314,9358.32230796782
33,55,605.6190431252267,9515.498102174919
33,56,359.9120574063741,5118.065312711621
33,57,509.14705527454726,6326.666669734439
33,58,766.0389575063359,7992.303065362064
33,59,299.5603467522988,3036.8506340123554
33,60,271.7566967339176,3474.7247951246018
33,61,313.3682458716264,3330.430039856888
33,62,332.92608977924084,3561.082719008306
33,63,757.2471771650041,9810.832466651107
33,64,746.4636046614054,10113.267591145017
33,65,339.3759035677732,4637.704485215156
33,66,537.2169141256768,5635.882072729102
33,67,912.0896027196785,12398.25605795296
33,68,431.06047678959993,5113.344807343056
33,69,498.5390548238634,6902.089928789733
33,70,504.57485909258185,5986.619438663095
33,71,79.52585408938039,502.9745130692904
33,72,264.61742699664677,3505.4148034528534
33,73,471.0003149223909,5302.839065803875
33,74,681.8577339655732,6998.99232823008
33,75,179.4794309433527,2024.029487315579
33,76,483.48001655572523,7158.383608764233
33,77,681.1823745283403,8745.872863493469
33,78,505.07184660772714,5289.492821319449
33,79,685.6637812910242,9109.793704908245
33,80,1023.9475204737802,13154.43849200753
33,81,459.2227107993095,5275.683295058906
33,82,650.8538878801544,7431.769009308962
33,83,880.9149827899465,12227.094080266263
33,84,578.1018549037607,6938.553105694991
33,85,596.9706272256751,4775.89392282898
33,86,597.0807204665981,7466.829461456278
33,87,415.49941332682147,6222.739977330522
33,88,287.02004208613613,3479.2363277779737
33,89,385.63044075439205,5776.168075414169
33,90,316.7787512910033,3236.341807747204
33,91,455.4087544130161,4855.694279102394
33,92,464.3384526837739,5772.654376642432
33,93,553.4078645225661,5586.157233363257
33,94,240.7459993327946,3156.16880596353
33,95,435.537514788324,4478.507786327483
33,96,511.94375444196834,5695.389551435724
33,97,664.6244138514135,9196.671901107304
33,98,294.3381477209121,2582.4423968625033
33,99,236.1625338104931,2932.5565895256923
33,100,858.1820559167356,11957.832024997153
34,0,1133.8981050727818,17139.131802019492
34,1,673.8029415357219,8188.853371683102
34,2,1048.6669842063102,15732.409328649941
34,3,277.60148701524975,3508.7199113565653
34,4,798.3042516548348,10814.279200476281
34,5,669.5331181194975,9679.608980857942
34,6,1061.2560912788126,16263.88641023503
34,7,797.3673530097253,12195.280811620632
34,8,539.3637591556642,7606.657078533126
34,9,845.1588162324638,13932.941758735813
34,10,284.118622944514,3341.356718812448
34,11,597.8542527400405,8703.187716731114
34,12,902.5672077297355,14417.393540405257
34,13,778.551124432293,13295.181769568255
34,14,1013.6291042982754,15116.998423655552
34,15,270.1614170609529,2481.372385576089
34,16,854.6800031066192,11663.708225380557
34,17,598.7741935403445,6779.474034419409
34,18,718.1504828169689,10099.677805911859
34,19,521.0633869884306,5929.2999446592585
34,20,623.3864777452031,8385.66418512321
34,21,806.6054216160492,10627.025780601489
34,22,343.42195545808147,3706.236546382417
34,23,468.8149523620783,6129.744129275957
34,24,1011.0038095469291,13185.411733929704
34,25,868.2273159818625,12488.526429003834
34,26,955.4638497016973,12805.242917057578
34,27,522.6701827190329,6112.128978383618
34,28,294.64217304028523,5086.339554043208
34,29,1008.5885955625063,14388.797734526976
34,30,557.789534417776,8468.806939573544
34,31,457.9814897466972,5960.93403176002
34,32,524.317874829823,6964.892680979962
34,33,441.3818491521841,5576.61361523533
34,34,0,0.0
34,35,257.5757239223928,3608.158288719976
34,36,989.9519177957088,13433.850454008214
34,37,845.0098560157957,11170.371728355502
34,38,942.1307203687915,13614.03826225317
34,39,1017.9673047285986,13481.115365444555
34,40,708.7181126995424,9168.113605540046
34,41,653.091683091799,9362.873527703876
34,42,915.1633522069781,9644.303899730106
34,43,546.4009893427412,7855.631222070916
34,44,457.81073095021327,7025.682001306971
34,45,568.6329758077735,7987.736614009513
34,46,521.924696865233,5556.657376040643
34,47,289.87747047027347,3084.2485967808475
34,48,788.5001493901885,12001.70195582274
34,49,1241.5291298915822,18037.819553303307
34,50,813.4512133557873,12773.704929099407
34,51,1020.7349209513236,15031.514398856252
34,52,342.2311140565568,4873.5573467499
34,53,224.7627297102511,1496.6390137306853
34,54,893.7600954656234,14375.477696007556
34,55,762.0227431924187,12019.27791147114
34,56,697.5157574735667,9987.320760040446
34,57,645.8507553417396,8025.163777329604
34,58,475.1373852143723,6949.385094877344
34,59,288.058774460335,3013.1783492109516
34,60,285.5164395090459,3306.184493777313
34,61,339.77985188540646,4389.572955238238
34,62,535.330464697674,7200.052086745085
34,63,1030.150877232196,15291.460011101784
34,64,1017.9673047285986,13571.525255129633
34,65,220.67433127580938,1942.5788108743056
34,66,613.0153418337127,7634.141862548131
34,67,1166.1933027868702,17545.31981999076
34,68,765.6767236820939,10141.079857316483
34,69,836.1427548910557,11888.234481011277
34,70,773.5060376974644,9083.856662070255
34,71,477.9242817974164,6068.2976444136675
34,72,622.0211270638395,9074.775766378378
34,73,609.1004722137808,7756.881109215165
34,74,383.7561616736096,4621.247292785478
34,75,561.5831310105452,5884.353048600895
34,76,754.9837166229185,11092.434459964452
34,77,894.2860745955328,13988.58123064905
34,78,716.8702743157634,10158.162680620613
34,79,997.5780461590996,14625.672857796018
34,80,1278.051220540972,18110.766662915397
34,81,807.026410866502,10674.2534989179
34,82,352.7523155881907,4307.6561256757805
34,83,1135.0186828571386,17027.757802133103
34,84,242.50028261179676,2484.907217246919
34,85,337.66905493371127,1016.187631453316
34,86,859.8844205337901,12665.721201859156
34,87,753.1031133940137,10779.798650505087
34,88,425.7184697941724,5361.72785462869
34,89,723.2341408215844,9582.565306495846
34,90,664.5824513581956,8252.545578802203
34,91,299.00718212105227,2731.970486581624
34,92,75.53688039180999,532.4064289910956
34,93,629.206292230602,7320.796906077666
34,94,252.14442704083083,2945.877582576352
34,95,195.73594249636028,1413.9326722561748
34,96,379.1421821500046,1747.7943530434861
34,97,937.5281139186054,14628.215103717208
34,98,642.1418477881047,7592.98471392525
34,99,306.56096151852927,3541.203174840082
34,100,1112.2857559839276,16696.13015782198
35,0,919.1935521349548,14434.644179404178
35,1,537.3536979352214,5988.578343217812
35,2,833.9624312684831,14144.735279271736
35,3,350.75224341474944,6122.730126942854
35,4,856.4550080543343,9998.686991289369
35,5,444.42856518167025,6268.806024115102
35,6,846.5515383409858,14171.375231622305
35,7,870.5181094092251,12776.431965474652
35,8,612.8145155551638,6494.2199787802365
35,9,630.4542632946368,11370.28868582091
35,10,357.26937934401366,5020.14599781201
35,11,372.74969980221323,5465.880240988427
35,12,687.8626547919085,12249.76806073894
35,13,851.7018808317928,13741.369033240944
35,14,798.9245513604484,13639.921909821976
35,15,156.2121734604526,1704.727120165897
35,16,820.1754501687914,9953.547960687296
35,17,384.06964060251704,3719.8840138642418
35,18,586.0459298791416,7486.040334643885
35,19,306.35883405060304,2321.2940198748565
35,20,408.6819248073764,5028.780518347926
35,21,880.0561780155489,10405.261248537838
35,22,310.39553646205763,2943.4638576921757
35,23,542.265708761578,6033.026522232219
35,24,940.5992566091021,12588.712661284822
35,25,804.3227630440349,11111.714255567673
35,26,892.3592967638698,11936.64477164205
35,27,452.2209391185326,4697.8249694916785
35,28,79.93762010245769,1484.6894200372549
35,29,793.8840426246793,12805.833862602092
35,30,343.0849814799486,4972.682489040089
35,31,531.4322461461969,5805.635013050882
35,32,309.6133218919956,3358.724287575416
35,33,514.8326055516836,5338.4986053649345
35,34,257.03103325972,3608.158288719976
35,35,0,0.0
35,36,775.2473648578818,11788.758663464938
35,37,903.6606124152955,10481.90243075983
35,38,742.2261674309635,12009.2940417442
35,39,803.2627517907705,10312.518056472998
35,40,782.1688690990421,9387.750569360423
35,41,726.5424394912986,8592.413200236297
35,42,700.4587992691504,6691.674988048115
35,43,619.851745742241,7733.392443588817
35,44,530.9614873497129,8676.358580163507
35,45,642.0837322072731,7224.380711562569
35,46,313.92014392740543,2617.2961331738716
35,47,363.0282268697731,4943.097159524764
35,48,861.6509057896881,12497.57255044088
35,49,1026.8245769537555,15609.039683766794
35,50,598.7466604179597,9854.174260449003
35,51,806.0303680134955,12126.954567602534
35,52,415.3818704560565,7016.847976236968
35,53,431.9134861097509,4612.674474667941
35,54,679.0555425277964,12185.000265951187
35,55,547.3181902545915,8621.44928806744
35,56,666.6112045357394,7983.266675861683
35,57,431.14620240391287,4648.300760572718
35,58,250.03283227654487,3483.3816220509784
35,59,243.10953085983465,2554.1167149542875
35,60,358.6671959085455,5408.34287010513
35,61,412.93060828490616,6313.035600223243
35,62,608.4812210971736,8390.97275187788
35,63,815.4463242943691,13764.3530826878
35,64,803.2627517907705,10429.713744029656
35,65,293.8250876753091,4858.576556903045
35,66,398.31078889588537,4410.06217996482
35,67,951.4887498490435,15384.934549785532
35,68,838.8274800815936,10450.809653793805
35,69,674.5382019532284,9812.84957564594
35,70,558.8014847596371,6106.492583487449
35,71,551.3750381969161,5795.357606563376
35,72,695.471883463339,8249.633543824375
35,73,394.39591927595376,4697.70379929673
35,74,183.4516087357821,1684.8958562549487
35,75,467.933887410045,4325.815168431978
35,76,540.2791636850906,8322.590881763525
35,77,967.4368309950326,13997.897828897638
35,78,790.0210307152631,10624.153725338889
35,79,782.8734932212726,13226.998640635846
35,80,1063.346667603145,15729.239607174779
35,81,880.4771672660017,10487.328084919522
35,82,234.00307198769042,2125.9638244247694
35,83,920.3141299193115,14535.973703639183
35,84,238.75103901129648,2592.4699255671794
35,85,454.7198113332108,2804.77849916945
35,86,933.0351769332899,12752.270419507742
35,87,566.3985604561865,8436.349694295186
35,88,498.8692261936721,7159.105285344093
35,89,591.1295878837572,6897.635109861758
35,90,738.0332077576953,8569.528733404426
35,91,79.05793852055207,948.2658694212882
35,92,282.68763679130967,4139.57022787419
35,93,414.5017392927748,4049.0701391736843
35,94,325.29518344033045,4737.286059393174
35,95,267.6866988958599,4126.863446086151
35,96,456.1929385495043,5217.4377078444195
35,97,722.8235609807784,13009.452754109716
35,98,715.5926041876044,7904.785670720125
35,99,379.7117179180289,5256.333326069362
35,100,897.5812030461007,14163.138409611809
36,0,412.4697460082705,6126.3701869831075
36,1,550.2745824712102,5852.294301219401
36,2,303.5386251417993,2356.2178337805694
36,3,927.5731279507384,12241.438473002367
36,4,396.7758925903231,3579.1090447806014
36,5,928.1047590549862,13759.145034656074
36,6,337.62773221430143,3301.528073322591
36,7,599.9389939452144,7836.4381168487425
36,8,783.3354000911527,5846.433308921596
36,9,334.73045716795275,3966.123098342215
36,10,791.0902638800027,10935.930861305076
36,11,856.4258936755291,14147.074467684033
36,12,202.54481385311692,2325.646567175376
36,13,580.8227653677824,7736.801203044144
36,14,268.5007452337642,1910.8568230988938
36,15,879.9330579964408,11381.482964538525
36,16,283.1516440421075,1835.269413969279
36,17,664.4458344758332,8594.285971093797
36,18,481.6221237524575,5212.7524418258845
36,19,661.8350279239186,11260.709944022989
36,20,491.158118680692,8753.939673659686
36,21,524.2747093863074,5161.0910822078695
36,22,853.4164209980465,9781.69873786489
36,23,698.4953270616346,7703.130320942043
36,24,333.07545048241775,3908.074913782188
36,25,189.19895691735047,1290.0828153757843
36,26,284.83549063718556,2876.8372240656763
36,27,688.0418236545216,7377.142210544769
36,28,740.3138139757734,11219.278660082407
36,29,280.0602364979954,1024.9790021459517
36,30,698.5444919084077,9538.504076369549
36,31,686.1531306821859,7785.853669856971
36,32,667.0895157653114,10964.116228647414
36,33,651.3482177285163,8042.50355339102
36,34,980.5519177957084,13433.850454008214
36,35,755.4026741952079,11788.758663464938
36,36,0,0.0
36,37,423.6814969512842,3737.7299818535894
36,38,114.16177936559866,256.9881494063187
36,39,727.7389456640866,7220.792423207333
36,40,621.2853280135006,6631.409400121617
36,41,433.3633240272876,4585.542078517419
36,42,665.1349931424663,6596.531477999097
36,43,582.2726302782298,6523.633890291142
36,44,899.596469815691,10289.814346161256
36,45,553.9046167432621,5679.356437648817
36,46,901.1963378007215,13455.151204804266
36,47,812.949111405762,11211.203399120177
36,48,593.5717903256772,7486.791069897425
36,49,518.3007708270716,5715.276925325681
36,50,486.58649335589917,5679.366566159913
36,51,519.7065541777976,6050.187814154672
36,52,963.3027549920455,11360.889444871933
36,53,1111.6343706457399,14930.46396701425
36,54,211.3519261178744,2402.9654441844646
36,55,627.0943841279079,8653.859467316848
36,56,385.6937497691188,3864.3831188653826
36,57,513.6223962772285,8970.699813316562
36,58,837.3090261498606,12490.973741707496
36,59,877.5304153958238,10498.78267049991
36,60,849.7267653774423,11440.135975909414
36,61,907.2514928208951,10994.437164593019
36,62,847.0961584227655,9212.6807901609
36,63,285.02251816768495,1992.2228684494276
36,64,727.7389456640866,7064.734005097363
36,65,917.345972211298,12680.208020558195
36,66,617.3869827692015,8537.24855673183
36,67,442.5649437223593,4569.183578738102
36,68,627.1358177922809,6710.149921843986
36,69,256.7143958265443,2407.0290873572667
36,70,594.450200095263,6960.484084200623
36,71,687.0142026708244,7620.3232507191
36,72,423.02299466218466,4731.9134512700075
36,73,499.0721131492696,7962.332251144979
36,74,846.2278026090979,13007.265608307864
36,75,704.4547719460343,7669.903581215367
36,76,471.3683444789789,5278.02855698582
36,77,531.8843774117214,6413.935847716959
36,78,764.8419152512516,7156.795360893927
36,79,247.5391222937051,1658.174670669519
36,80,554.8228614764613,5629.691930250499
36,81,536.2980518019909,5248.280499629231
36,82,931.923956523679,13766.32433910104
36,83,411.79032379262753,5154.109101455807
36,84,962.4719235472846,14149.063446707198
36,85,1174.9406958691998,12506.872792464965
36,86,468.3560614692794,6230.200264843303
36,87,377.4747543295027,3963.4429566617864
36,88,903.6901107296611,10657.721553087982
36,89,486.7057817570731,5750.314392907497
36,90,671.9540922936842,7117.772690213608
36,91,802.7788230565403,11829.351026984203
36,92,1006.2085213272982,13711.4605745493
36,93,633.5779331660908,8855.635698517206
36,94,818.7160679763196,11193.56989163961
36,95,991.2075834318484,12485.40062559835
36,96,1089.913823085493,13736.833821942719
36,97,192.39975485409423,1221.4019705121648
36,98,727.4134887235933,7360.592380784287
36,99,814.1326024540178,10905.234911205982
36,100,389.0573969194167,5085.690423984114
37,0,677.7276842283575,9767.781239877686
37,1,525.6325206912971,5527.273104240091
37,2,495.2965633618861,5326.499910906465
37,3,761.5310661708252,9253.447665685768
37,4,68.33383081040994,571.9579728872014
37,5,1113.062697275073,14116.192260064116
37,6,602.8856704343887,7003.199166133999
37,7,420.19693216530123,4422.768420630322
37,8,574.6933383112396,3996.4050249281395
37,9,525.4883953880396,7117.052468142377
37,10,625.0482021000895,8189.680675382265
37,11,1041.3838318956161,14169.188694625467
37,12,467.8027520732039,5945.08536382539
37,13,459.3807035878693,4679.464413316927
37,14,472.7586834538512,4585.57205669526
37,15,811.2909962165282,9579.45895959156
37,16,293.86485468637824,3247.325900331662
37,17,843.2037726959202,8219.37941044999
37,18,569.9800619725444,6259.699552428026
37,19,846.7929661440055,10712.543814964878
37,20,676.1160569007789,9121.338090162213
37,21,147.3326476063941,1426.0726487319612
37,22,677.751534613657,7867.85456493923
37,23,479.3532652817211,5045.604902570585
37,24,181.98022432245452,2106.84305053552
37,25,249.9568951374374,2455.4443015231236
37,26,188.3934288572725,1671.1574411397985
37,27,538.0997618746082,5791.593956239029
37,28,925.2717521958604,10384.9724561699
37,29,484.31817471808205,4227.4696750105795
37,30,883.5024301284941,9929.074916667358
37,31,511.21106890227276,5209.4500356952085
37,32,852.0474539853983,10771.723187147232
37,33,485.306155948603,5604.9171454375655
37,34,850.6098560157957,11170.371728355502
37,35,911.1606124152954,10481.90243075983
37,36,424.98149695128427,3737.7299818535894
37,37,0,0.0
37,38,336.56029952436626,3737.827952813896
37,39,918.4968838841734,9685.705475339524
37,40,309.4432662335874,2977.3484613400337
37,41,245.20506341326214,1892.8157405694678
37,42,770.292931362553,7492.519791595346
37,43,317.63056849831673,3414.1974387381015
37,44,657.6544080357778,6751.2885896202115
37,45,354.7625549633489,3288.7305031619167
37,46,1086.1542760208085,12668.68509674653
37,47,646.9070496258488,8481.143786757062
37,48,391.26077733387547,4046.5232106278213
37,49,783.5587090471586,9449.830550469971
37,50,677.3444315759859,8098.41166048017
37,51,721.6644923978844,9209.590738283681
37,52,744.1606932121322,8148.210592982958
37,53,945.5923088658268,12629.983374666981
37,54,476.60986433796137,5996.621019125369
37,55,795.0523223479947,10412.118602194761
37,56,388.4516879892056,4305.092966063274
37,57,698.5803344973153,9190.828440637799
37,58,1022.2669643699476,12199.77899693193
37,59,711.4883536159106,8549.044724971067
37,60,683.6847035975292,8592.78191816866
37,61,710.896252735238,7926.640255709377
37,62,565.4540966428525,5704.269345441151
37,63,489.28045638777195,4830.943482841419
37,64,918.4968838841734,9584.475957156239
37,65,751.3039104313848,10013.946180093943
37,66,796.1449209892885,8566.669892302207
37,67,687.9228819424465,8224.438215545995
37,68,287.19375601236794,2973.844075280618
37,69,391.4723340466311,4518.190739355047
37,70,694.0081383153496,7581.787779124462
37,71,481.8721408909111,5106.763504331662
37,72,223.88093288227145,2232.50938233711
37,73,684.0300513693562,7992.988897836551
37,74,1031.1857408291849,11991.857958854878
37,75,567.7127101661206,6173.026755010739
37,76,654.2262826990659,6933.531852619988
37,77,380.7891512517583,3995.33035086443
37,78,452.99985347133867,3423.770654336019
37,79,379.497060513792,4021.4748493168318
37,80,820.0807996965483,9354.86159203896
37,81,159.35599002207752,1519.0412379765703
37,82,1062.7818947437656,12600.498172472671
37,83,677.0482620127146,8875.009161288752
37,84,990.0298617673724,12449.517744295468
37,85,1008.8986340892865,10379.494639699311
37,86,314.14182133033853,3165.66004783997
37,87,487.03269254958934,5323.157076944951
37,88,684.5480489497478,7400.074576238042
37,89,575.06371997716,6528.284153034225
37,90,390.3120305137715,3624.0346172688965
37,91,867.3367612766277,10229.153048565608
37,92,876.2664595473855,11333.239415012396
37,93,812.3358713861778,8767.704152469692
37,94,652.6740061964064,8517.901106814335
37,95,847.4655216519357,9994.277924011452
37,96,923.8717613055803,11075.04397823181
37,97,396.65769307418105,4495.257890472187
37,98,445.77142694368024,4038.3474389626226
37,99,648.0905406741047,8097.375755509914
37,100,654.3153351395038,8776.904908114464
38,0,351.4771610974488,6212.570170940076
38,1,524.2533850442923,6084.751369960903
38,2,209.9174277148814,2142.8925157994863
38,3,850.7519305238203,12369.410129122263
38,4,311.85469516340504,3617.96556154991
38,5,912.7835616280682,14015.459892858118
38,6,276.63514730347976,3268.159328696017
38,7,506.3177965182963,7753.965850148874
38,8,706.0142026642345,6016.951675587196
38,9,319.4092597410347,4157.720912878007
38,10,714.2690664530846,11080.30491474649
38,11,841.1046962486112,14400.817377232286
38,12,141.55222894229527,2446.4155296388167
38,13,487.20156794086444,7619.273587123384
38,14,174.87954780684623,1664.9659102043888
38,15,864.6118605695228,11581.203179507389
38,16,185.88571903937327,2058.4985462128234
38,17,649.1246370489152,8835.69634506073
38,18,466.3009263255396,5468.870568053436
38,19,646.5138304970006,11502.610224361391
38,20,475.83692125377405,9008.221037480882
38,21,443.05351195938914,5153.609019657921
38,22,766.9723989666521,9972.03720349646
38,23,621.1741296347165,7841.795002499319
38,24,239.4542530554998,3771.014102548914
38,25,100.77775949043247,1329.2297943395422
38,26,191.2142932102676,2768.9072858574013
38,27,610.7206262276036,7572.562730434835
38,28,724.9926165488555,11453.852481571517
38,29,186.4390390710774,796.5939175522728
38,30,683.2232944814898,9793.588619597556
38,31,609.3319332552678,7930.357375225714
38,32,651.7683183383934,11212.833326513688
38,33,574.5270203015982,8197.141359808182
38,34,939.8307203687908,13614.03826225317
38,35,740.0814767682899,12009.2940417442
38,36,104.53097382037564,256.9881494063187
38,37,335.26029952436625,3737.827952813896
38,38,0,0.0
38,39,712.4177482371686,7446.7498271298255
38,40,543.9641305865825,6663.727620301975
38,41,356.04212660036956,4686.400737702419
38,42,649.8137957155484,6853.054688131117
38,43,504.9514328513118,6620.524724829082
38,44,822.2752723887728,10351.240609312916
38,45,476.583419316344,5817.892585707885
38,46,885.8751403738036,13693.735667570088
38,47,736.1279139788439,11357.40010349814
38,48,499.9505928987592,7409.260381005757
38,49,457.3081859162499,5716.1672061466
38,50,471.2652959289811,5912.947607133014
38,51,458.71396926697594,6227.461976116155
38,52,885.9815575651273,11466.044758253302
38,53,1034.813173218822,15110.640404580081
38,54,150.35934120705275,2531.682166615815
38,55,611.77318670099,8901.59755219588
38,56,371.27255234220075,4102.1944655647285
38,57,498.3011988503105,9223.503090313006
38,58,821.9878287229427,12739.326279765999
38,59,800.7092179689057,10689.423137928205
38,60,772.9055679505243,11578.05991997096
38,61,830.4302953939771,11112.912517529789
38,62,769.7749609958477,9277.052978903363
38,63,191.401320740767,1758.9343207237184
38,64,712.4177482371686,7288.32651995467
38,65,840.5247747843799,12833.891078210163
38,66,602.0657853422836,8786.684822487505
38,67,390.0437462954413,4512.606408010823
38,68,571.1271671906643,6701.611195339271
38,69,230.22181091572259,2664.0167206327164
38,70,579.129002668345,7215.412715598032
38,71,609.6930052439062,7767.918010281925
38,72,345.7017972352666,4848.29109289658
38,73,483.7509157223517,8210.789130413843
38,74,830.90660518218,13239.065229781247
38,75,627.1335745191161,7870.782563984868
38,76,456.04714705206095,5533.105550555862
38,77,438.2631799848035,6261.845425976534
38,78,687.5207178243336,7143.756776257723
38,79,153.91792486678713,1401.2023827282528
38,80,493.83027656563956,5617.117666215024
38,81,448.1768543750726,5236.529139686225
38,82,916.602759096761,13994.372070441206
38,83,350.79773888180586,5200.908499816247
38,84,947.1507261203667,14357.849643507354
38,85,1098.1194984422816,12692.899551637445
38,86,374.7348640423615,6124.858497101452
38,87,377.4535569025845,4219.671393529148
38,88,826.368913302743,10756.7480452108
38,89,471.3845843301552,6004.998268168512
38,90,594.6328948667664,7178.269280138267
38,91,787.4576256296224,12038.705175630801
38,92,965.4873239003806,13885.42961223329
38,93,618.2567357391729,9103.528023943838
38,94,741.8948705494015,11343.588573176512
38,95,936.6863860049308,12650.383742084085
38,96,1013.0926256585755,13892.530902315715
38,97,98.77855742717621,1016.326831081104
38,98,650.0922912966755,7442.482205832062
38,99,737.3114050270998,11044.969394381784
38,100,328.064812008595,5153.296703714121
39,0,476.1851329411595,4954.460680800223
39,1,622.0899694040995,6127.757052435297
39,2,782.1540120746881,8612.159607141048
39,3,999.3885148836276,14167.209143808746
39,4,873.3912795232125,9194.07570610831
39,5,943.7201459878754,8661.830360430313
39,6,713.1431191471904,6878.889083532578
39,7,1155.6543808781041,14084.107952922126
39,8,907.1507870240421,8318.214772419817
39,9,427.4855308721793,3509.305678781572
39,10,862.905650812892,12601.870018348363
39,11,872.0412806084183,9568.852819920307
39,12,566.7542355981134,5505.274619178784
39,13,1136.5381523006724,14342.159277592367
39,14,747.1161321666534,8684.261708121543
39,15,975.34844492933,10999.743277042719
39,16,732.8670309749964,6517.738790072145
39,17,759.8612214087221,6709.8530395894595
39,18,553.4375106853468,4089.840796850341
39,19,757.2504148568078,8485.07375533841
39,20,586.5735056135811,5320.298723528614
39,21,1000.8900963191967,10876.624783622465
39,22,915.6089833264595,10165.606823179396
39,23,768.8019802304563,10286.068601738674
39,24,888.7908374153071,10844.186651899869
39,25,752.5143438502399,7867.999569890469
39,26,840.5508775700748,9741.825974309793
39,27,773.8572105874109,8381.493912726584
39,28,835.7292009086626,9010.600689434634
39,29,742.0756234308843,7883.974709800469
39,30,698.8598788412968,5628.605382726928
39,31,757.9685176150751,10194.317189338375
39,32,762.5049026982006,7604.410938000493
39,33,723.1636046614055,10099.002580958206
39,34,1075.9673047285976,13481.115365444555
39,35,850.818061128097,10312.518056472998
39,36,723.4389456640869,7220.792423207333
39,37,920.5968838841737,9685.705475339524
39,38,690.4177482371686,7446.7498271298255
39,39,0,0.0
39,40,954.6007149463893,11542.752448566403
39,41,794.1787109601765,9031.652724156718
39,42,625.0503800753552,3906.1695986390364
39,43,798.1880172111187,10369.128493581407
39,44,1018.1118567485802,14087.846434855555
39,45,720.720003676151,8981.425432814358
39,46,996.6117247336107,10524.094188849773
39,47,884.7644983386513,12772.784292657105
39,48,1149.287177258567,13704.608354317254
39,49,630.7161577599603,6801.387971235142
39,50,342.1018802887879,1597.3959626432788
39,51,267.72194881970034,2409.0240748424876
39,52,1041.2181419249348,14019.738523927725
39,53,1183.44975757863,14778.21210465212
39,54,557.9471233340013,5387.017171097627
39,55,447.32689001603507,2323.47051634199
39,56,634.0027853419444,5713.996299339898
39,57,609.0377832101176,5705.104871531228
39,58,926.0244130827497,8851.552406324556
39,59,949.345802328713,10690.248519408671
39,60,921.5421523103316,13206.247473369878
39,61,979.0668797537844,13369.804013434874
39,62,986.1115453556549,13110.557254387173
39,63,763.6379051005741,8588.95028492311
39,64,1,209.03207110442645
39,65,989.1613591441873,13767.723861624145
39,66,659.8480872005622,5911.2701576908785
39,67,733.5691167890117,7506.363213864225
39,68,1039.5512047251702,12182.710774319285
39,69,587.2297827594332,5241.626289013717
39,70,554.3655870281518,4426.900503414058
39,71,777.9113096657943,9998.785455754729
39,72,763.108154932217,8863.512152390367
39,73,594.4875000821585,5725.295144382267
39,74,941.6431895419871,10626.462064471187
39,75,797.4701588789231,8347.029503592657
39,76,489.2707444912954,3034.881108899717
39,77,1043.7997643446108,13341.436169447572
39,78,1075.057302184141,12627.261562203337
39,79,731.0650740274776,8715.794161621754
39,80,681.6382484093501,7050.377787400473
39,81,1012.9134387348802,10995.99821070353
39,82,1027.339343456568,11501.937925549892
39,83,547.3057107255166,5732.159877910517
39,84,1057.8873104801735,12870.454087544185
39,85,1246.756082802089,12475.196261299183
39,86,1024.071448402169,12803.91456924553
39,87,542.2901412623916,4483.93409027112
39,88,1010.2054976625502,13572.787149403355
39,89,558.5211686899623,4323.262961715976
39,90,925.2694792265736,11475.301243647416
39,91,898.1942099894295,10916.266227534923
39,92,1101.623908260187,13951.690654734402
39,93,689.6933200989799,6264.671681144656
39,94,890.5314549092088,12642.301606390181
39,95,1085.3229703647382,13228.039252589098
39,96,1161.729210018383,14610.011297019037
39,97,671.0151417869835,7865.20599058261
39,98,902.8288756564826,11275.43866567912
39,99,885.9479893869071,12712.31188545962
39,100,540.3707684709998,5302.049726165715
40,0,885.0315152905737,12465.526445580468
40,1,549.1363517535135,6100.488497704548
40,2,715.1003944241023,8298.568412509903
40,3,566.239322854572,6680.1749781910985
40,4,299.0376618726262,3052.6505494474513
40,5,1136.5665283372896,14164.231978428428
40,6,810.1895014966046,9928.698799842678
40,7,359.6051888490482,3429.4423027469084
40,8,438.0971693734558,3776.3486446830816
40,9,702.7922264502557,9554.210872946816
40,10,488.4520331623056,5909.094480509485
40,11,1064.8876629578324,13947.634228145875
40,12,675.1065831354204,8701.3297296804
40,13,411.0889602716163,4353.624297572774
40,14,680.0625145160676,7554.159081169557
40,15,674.6948272787442,8111.427096502064
40,16,544.6134133244108,5695.6414558830365
40,17,767.5212378932101,8187.489268680071
40,18,593.4838930347609,7616.420317897807
40,19,870.296797206222,10253.490433356841
40,20,699.6198879629953,9560.498805485355
40,21,181.84325745537163,1745.2957225573396
40,22,541.155365675873,6479.4625041116515
40,23,342.75709634393735,3358.2328134173217
40,24,417.85186368388804,4418.337975581663
40,25,469.9607261996537,5343.476452875997
40,26,454.79725991948874,4512.505495957774
40,27,479.10359293682455,5150.856783889234
40,28,859.9800088796072,9712.347589179131
40,29,691.6220057802983,7197.568590446499
40,30,907.0062611907106,10299.507352854287
40,31,374.6148999644889,3583.90093520656
40,32,875.5512850476148,10601.300292190523
40,33,348.70998701081925,4051.4366863586924
40,34,714.0136870780119,9168.113605540046
40,35,791.3644434775113,9387.750569360423
40,36,621.1853280135008,6631.409400121617
40,37,309.4432662335874,2977.3484613400337
40,38,543.8641305865826,6663.727620301975
40,39,959.4007149463903,11542.752448566403
40,40,0,0.0
40,41,187.5088944754784,2530.1454603513916
40,42,793.7967624247694,8534.775627319255
40,43,170.43439956053285,1718.5403327716326
40,44,380.7485667895354,3795.3004782656594
40,45,298.7663860255651,2862.488010887115
40,46,1087.262532704555,11867.91704462147
40,47,510.310880688065,6196.0637931714655
40,48,308.1690340176224,3124.2839171581154
40,49,990.8625401093748,12334.837081468297
40,50,754.884623573579,10041.003142467256
40,51,898.9683234601005,11548.444180824588
40,52,489.968949895879,5412.374608276121
40,53,752.5005655495737,10532.791672350299
40,54,683.9136954001779,8735.34749118585
40,55,818.5561534102112,11740.811465223655
40,56,487.04916769135826,5828.814445340012
40,57,722.0841655595318,9508.364374499832
40,58,1040.4752210536944,11839.37032221835
40,59,574.8921846781266,7041.507269945817
40,60,500.3929602812763,6183.877047231671
40,61,466.7045094189851,5336.7975110755415
40,62,296.4623533265993,2781.9075400135252
40,63,696.5842874499883,7802.91919210423
40,64,959.4007149463903,11483.829398165206
40,65,614.7077414936009,7702.238427521074
40,66,812.5487520515043,8812.548350127156
40,67,895.2267130046627,11173.09957188938
40,68,108.00201269611487,1064.224632677554
40,69,568.7761651088474,6813.987169187057
40,70,717.5119693775661,8417.186705201806
40,71,345.27597195312734,3595.13538106537
40,72,225.55453728163104,2679.5364800694106
40,73,707.5338824315727,8321.567845121068
40,74,949.0939975129319,11039.968870478388
40,75,518.016541228337,5521.77404173574
40,76,696.4171268407101,8549.739458298247
40,77,358.12391043485553,4821.513476569973
40,78,143.5081101550856,1317.3935486025734
40,79,627.1053171975391,6989.131814210565
40,80,1027.3846307587646,12259.22251862281
40,81,182.26424670582455,1732.5937568025893
40,82,918.0901514275131,11482.894048949349
40,83,884.3520930749308,11683.416115988686
40,84,853.4336928295884,10880.29321570261
40,85,846.8068907730336,8546.512646327526
40,86,274.02225637311335,3502.3701961785973
40,87,573.7365236118055,7067.549563324724
40,88,425.35630563349457,4649.937152320101
40,89,598.5675510393764,7656.861249968523
40,90,114.52028719751834,917.134697147183
40,91,730.7405923388437,8892.039505712139
40,92,727.3365808883923,9220.716652439196
40,93,828.7397024483936,8893.888282603444
40,94,516.0778372586225,6284.959454746565
40,95,710.8693527141519,7846.118283100197
40,96,730.7800179893272,8722.757788371951
40,97,603.9615241363977,7466.313160329937
40,98,180.87968362742714,1579.690808984277
40,99,491.79323830726804,5760.257834797964
40,100,861.61916620172,11542.479890618484
41,0,697.1095113043607,10076.27192164413
41,1,399.31434776730043,3970.3328105794044
41,2,527.1783904378897,6633.601145427394
41,3,586.0966944127161,7721.8326439801085
41,4,187.01565788641324,1458.4437568021717
41,5,986.7445243510762,12464.731371617272
41,6,622.2674975103919,7845.283370185603
41,7,529.4625604071922,5329.450936381048
41,8,388.75896655313056,2123.553360751917
41,9,514.8702224640429,7072.175202424544
41,10,449.61383034198036,6520.267864015578
41,11,915.0656589716191,12436.310661926413
41,12,487.1845791492072,6403.638840938481
41,13,568.6463318297602,5915.705703282876
41,14,492.14051052985445,5942.865314865603
41,15,631.2566244584194,7696.349769656386
41,16,356.6914093381977,3302.388087736271
41,17,716.8855997719234,6493.5858100658
41,18,443.66188904854766,5185.6885618391825
41,19,720.4747932200086,8903.904327344228
41,20,549.7978839767819,7577.349551841795
41,21,223.39827584828504,2161.8423320515653
41,22,490.51716285554784,5986.373815062962
41,23,303.9188935236121,3292.2732714699023
41,24,411.1990169443957,3998.53111746195
41,25,282.0387222134407,3386.798969499388
41,26,344.1752559332758,3454.1095202929782
41,27,379.16539011649934,3909.587677198413
41,28,798.9535792718634,8536.269591571416
41,29,503.7000017940853,5364.1342373501775
41,30,757.1842572044974,8365.83423041715
41,31,311.670329599981,3427.8694039586085
41,32,725.7292810614014,9032.893270573768
41,33,309.871784190494,3786.970886189911
41,34,675.1754842576867,9362.873527703876
41,35,752.526240657186,8592.413200236297
41,36,433.26332402728764,4585.542078517419
41,37,245.20506341326205,1892.8157405694678
41,38,355.94212660036953,4686.400737702419
41,39,809.5787109601765,9031.652724156718
41,40,187.50889447547843,2530.1454603513916
41,41,0,0.0
41,42,643.9747584385564,6231.228902958224
41,43,187.69619674020757,1938.7546813300933
41,44,505.0200362776687,5794.499760055547
41,45,164.82818320523984,1404.0852201302948
41,46,959.8361030968115,10811.19236596777
41,47,471.4726778677398,6806.959807141029
41,48,480.4264055757665,4958.6012599757705
41,49,802.9405361231618,10137.63731148086
41,50,633.7262586519893,7516.534109451271
41,51,711.0463194738876,9034.63313116167
41,52,568.7263214540229,6779.683101985783
41,53,770.1579371077177,10838.106581897364
41,54,495.99169141396465,6421.587054868737
41,55,668.7341494239978,9360.938605499627
41,56,299.1271637051452,3326.40330544063
41,57,572.2621615733184,7598.266718331458
41,58,895.9487914459506,10421.798600751512
41,59,531.1539818578015,6674.5479419434905
41,60,508.2503318394201,6976.327284370696
41,61,535.461880977129,6441.448103042444
41,62,443.11972488474333,4713.099041987042
41,63,508.6622834637752,6154.634645338169
41,64,809.5787109601765,8967.133827505271
41,65,575.8695386732757,8324.152235734033
41,66,669.8267480652917,6938.717211537803
41,67,707.3047090184496,9135.930691901602
41,68,283.55938425425893,3180.796625500316
41,69,380.85416112263437,4327.111267131669
41,70,567.689965391353,6204.694960714569
41,71,292.4377691328021,3301.509261203822
41,72,31.06275995827475,349.8227099013939
41,73,557.7118784453596,6388.094591584858
41,74,918.3513690710754,10115.292791991209
41,75,417.6783384080118,4294.16302220545
41,76,546.5951228544966,6064.814222376206
41,77,532.3079438736994,5634.117166797474
41,78,331.0654817132297,3611.419297337088
41,79,437.07888758979516,5407.392089700765
41,80,839.4626267725515,10097.224099482875
41,81,235.1216182639685,2277.4697471680597
41,82,887.3475229856566,10712.991642052995
41,83,696.4300890887179,9392.736517023963
41,84,814.5954900092631,10566.598893526274
41,85,833.4642623311773,8540.233106926938
41,86,423.4074495722295,4562.564276220793
41,87,385.81451962559265,4549.2376542897655
41,88,509.1136771916386,6072.365410185355
41,89,448.74554705316325,5304.259938028193
41,90,267.97765875566245,2687.124276105245
41,91,691.9023895185185,8337.728499843666
41,92,700.8320877892764,9555.207501828585
41,93,686.017698462181,7099.803333144949
41,94,477.23963443829723,6820.61942539161
41,95,672.0311498938266,8241.3612241827
41,96,748.4373895474712,9389.803552144673
41,97,416.03952015018433,5628.7939902734115
41,98,323.43705518557107,2804.5678992872563
41,99,472.65616891599564,6456.679481121381
41,100,673.697162215507,9212.120353105522
42,0,807.6811804195397,7757.999141369357
42,1,349.18601688247935,2511.138486996572
42,2,722.450059553068,8738.440881262326
42,3,826.2845623620071,10283.020512865663
42,4,708.587327001592,6926.562581889964
42,5,777.716193466255,7163.488707346894
42,6,735.0391666255707,8022.111104259205
42,7,1095.9504283564836,11558.10050000466
42,8,734.0468345024217,4896.094413372434
42,9,518.9418915792219,4821.371683403895
42,10,689.8016982912715,8717.918470022812
42,11,706.037328086798,7611.062960576572
42,12,576.3502830764935,6127.791656888216
42,13,1076.834199779052,12074.071551199606
42,14,687.4121796450332,8473.711938534143
42,15,800.3444924077103,7169.733769182653
42,16,629.1630784533767,5052.426028683492
42,17,481.8572688871022,2974.473033161395
42,18,234.45559953545995,1390.32971525649
42,19,607.2464623351876,5275.032087271713
42,20,436.5695530919608,2254.279579578881
42,21,834.3861437975762,8345.875181681122
42,22,651.8278554093155,6260.4265282905035
42,23,595.6980277088358,6635.418456434125
42,24,829.0868848936869,9209.794417278581
42,25,686.9103913286197,6572.826193773346
42,26,780.8469250484546,8186.876672009708
42,27,493.55325806579054,4566.7113171247065
42,28,685.7252483870425,5574.261458739184
42,29,682.3716709092641,7566.3527600682055
42,30,532.8559263196764,2982.9069835597697
42,31,584.8645650934546,6510.5637605566135
42,32,612.5009501765804,4673.922383487069
42,33,550.059652139785,6348.68515278704
42,34,915.3633522069777,9644.303899730106
42,35,700.8141086064769,6691.674988048115
42,36,663.7349931424667,6596.531477999097
42,37,755.7929313625533,7492.519791595346
42,38,630.7137957155484,6853.054688131117
42,39,625.9503800753553,3906.1695986390364
42,40,781.4967624247691,8534.775627319255
42,41,621.0747584385564,6231.228902958224
42,42,0,0.0
42,43,625.0840646894985,7086.232740017874
42,44,845.0079042269597,10511.92350265025
42,45,547.6160511545309,5721.878640271763
42,46,767.2077722119905,7497.871992505395
42,47,711.6605458170308,8880.380298461216
42,48,1066.6142735250573,11185.118048236061
42,49,915.3122052383405,9068.07447343906
42,50,401.13428870254444,3168.8531210739434
42,51,628.7179962980803,5444.3220261095385
42,52,868.1141894033141,10215.576765040321
42,53,1010.3458050570088,10990.464455849347
42,54,567.5431708123814,6035.846897214642
42,55,476.80581853917636,3248.8931983153807
42,56,460.8988328203242,3221.915532312901
42,57,459.0338306884973,2552.568035411291
42,58,703.3204605611296,6170.209349871186
42,59,708.9418498070928,6796.91157660349
42,60,748.4381997887111,9321.656571518884
42,61,805.9629272321639,9541.983093042589
42,62,813.0075928340344,9609.894869402959
42,63,703.933952578954,8498.837412062769
42,64,625.9503800753553,3969.2281984925253
42,65,816.0574066225668,9862.450065253404
42,66,434.7984171804703,2386.328124381816
42,67,839.9763781336285,9100.983349125805
42,68,866.4472522035497,9367.420102787833
42,69,486.32583023781325,4197.117217685702
42,70,178.2616345065319,585.3856906467267
42,71,604.8073571441738,6324.092540035517
42,72,590.0042024105968,5964.964055724108
42,73,372.0870903363411,1995.9019462885271
42,74,780.645956086685,7344.572074503456
42,75,508.6662063573029,4487.121064799743
42,76,268.96679196967546,1715.5606884384267
42,77,984.0958118229906,11472.042351766446
42,78,901.9533496625205,9768.847018953807
42,79,671.3611215058575,8251.316466234735
42,80,951.8342958877303,9222.956469937371
42,81,846.1094862132597,8466.081916350087
42,82,877.335390934948,8206.56739263594
42,83,808.8017582038966,7966.811950080485
42,84,907.8833579585537,9284.110392833374
42,85,1073.6521302804686,8631.104012165275
42,86,964.3674958805486,10621.294972308975
42,87,354.58618874077143,2634.7039322016212
42,88,837.1015451409297,9822.159084594421
42,89,204.71721616834208,965.9380657736258
42,90,752.1655267049531,8251.96212991115
42,91,748.1902574678094,7177.9048639571665
42,92,941.0199557385674,10099.301778405574
42,93,450.98936757735976,2766.5758663055776
42,94,717.4275023875883,8745.457262136439
42,95,912.2190178431176,9330.263660025646
42,96,988.6252574967623,10714.806225402632
42,97,611.3111892653633,7680.945635008624
42,98,729.7249231348621,7915.525412781411
42,99,712.8440368652866,8837.471213885729
42,100,786.0688313306857,7571.507428557342
43,0,846.0188175553028,11903.722371704112
43,1,392.5236540182427,4590.777254999906
43,2,676.0876966888314,8528.231073141562
43,3,463.1221994977706,5860.127310128038
43,4,307.22496413735536,3185.1852637772117
43,5,979.9538306020185,12456.612875444898
43,6,771.1768037613338,9781.588996035936
43,7,529.8880654922468,5145.342153609473
43,8,276.284471638185,2201.235501228419
43,9,647.3795287149851,8808.844657950784
43,10,326.6393354270349,4781.166973146341
43,11,908.2749652225614,12229.34405026535
43,12,636.0938854001495,8300.60571078043
43,13,581.3718369148148,6034.896698629376
43,14,641.0498167807967,7820.5252576680805
43,15,512.8821295434736,6544.830480063805
43,16,505.60071558914,5183.482385100105
43,17,605.7085401579395,6495.368716643249
43,18,436.87119529948995,6323.085562526318
43,19,713.6840994709509,8535.77113668272
43,20,543.0071902277242,7928.222686997454
43,21,268.8261340985701,2788.4773414803026
43,22,379.3426679406023,4868.60502080339
43,23,180.94439860866663,1775.8397711581244
43,24,483.6245220294502,5342.826694512115
43,25,430.94802846438284,5311.271594303401
43,26,462.9845621842179,5085.092526631377
43,27,317.29089520155384,3434.8922477700366
43,28,706.2628855228054,8003.47656593285
43,29,652.6093080450274,7283.356923013998
43,30,750.3935634554398,8647.013713614675
43,31,212.8022022292182,1983.8713379144322
43,32,718.9385873123437,8887.36900010063
43,33,186.8972892755486,2440.8752942067786
43,34,552.2009893427412,7855.631222070916
43,35,629.5517457422407,7733.392443588817
43,36,582.1726302782299,6523.633890291142
43,37,317.63056849831656,3414.1974387381015
43,38,504.85143285131176,6620.524724829082
43,39,802.7880172111188,10369.128493581407
43,40,170.23439956053286,1718.5403327716326
43,41,187.69619674020757,1938.7546813300933
43,42,637.1840646894987,7086.232740017874
43,43,0,0.0
43,44,382.0455413627232,3934.694515351482
43,45,119.72629507081197,1391.6066300517691
43,46,933.545409347753,10177.94702269753
43,47,348.4981829527943,5073.201408956651
43,48,478.451910660821,4832.414129643495
43,49,951.8498423741039,12053.453141040438
43,50,598.2719258383079,8948.372845328904
43,51,805.5556334338438,10674.923120988322
43,52,445.75182653907746,4851.30429966557
43,53,647.1834421927722,9286.381659023837
43,54,644.900997664907,8311.87139155003
43,55,661.9434556749401,10329.353714175659
43,56,404.1364699560876,4733.650417510058
43,57,565.4714678242607,7854.123626968291
43,58,879.5580976968929,10120.99752907866
43,59,413.07948694285574,5476.568698100672
43,60,385.2758369244746,5178.846149374659
43,61,412.4873860621835,4550.859299350968
43,62,322.4452299697979,2867.9433572085104
43,63,657.5715897147174,8042.618404494025
43,64,802.7880172111188,10333.825509703978
43,65,452.8950437583304,6607.40882635305
43,66,650.7360543162337,7153.580978160589
43,67,856.2140152693918,11073.825992922895
43,68,278.28488933931345,2769.791642636167
43,69,527.5634673735769,6091.26594520589
43,70,560.8992716422953,6904.640725052535
43,71,183.46327421785656,1952.6149281156263
43,72,159.24183954636024,1842.6976449778772
43,73,550.9211846963019,6684.153014281811
43,74,795.37687415613,9368.491900036635
43,75,356.20384349306624,3803.84946283028
43,76,539.8044291054389,7335.940060257148
43,77,565.633448958754,6305.057452049356
43,78,313.79098679828417,3029.8487748845173
43,79,585.9881938407375,7272.691319541298
43,80,988.3719330234936,12020.613491229236
43,81,269.247123349023,2847.5563703279513
43,82,764.3730280707113,9844.37042904493
43,83,845.33939533966,11280.208711494119
43,84,691.6209950943178,9369.995191879878
43,85,710.4897674162323,7136.021757137982
43,86,444.30513301631186,5030.447996386419
43,87,471.82382587653495,5989.797888237432
43,88,386.1391822766931,4136.257559843718
43,89,441.95485330410554,6269.08176199093
43,90,162.60316384071683,1171.337266816898
43,91,568.9278946035731,7292.119193868895
43,92,577.857592874331,7978.960518371626
43,93,666.927004713123,7215.716269824295
43,94,354.26513952335176,5117.892058741449
43,95,549.056654978881,6622.249088017128
43,96,625.4628946325257,7665.853048663211
43,97,564.9488264011268,7549.950177215715
43,98,205.4625602706257,936.3661833929981
43,99,349.68167400105017,4684.013188088505
43,100,822.6064684664491,11081.399815939627
44,0,1134.5426570927632,15836.380659815248
44,1,590.9474935557038,8030.672268673548
44,2,970.9974382963031,12077.437674954384
44,3,291.4319411052425,3718.1083458905077
44,4,653.2488036748165,6745.535824922515
44,5,960.0635722094904,14521.908546650979
44,6,1061.9006432987942,13586.792485406455
44,7,483.0978070997186,5625.7030730478955
44,8,456.50831117564616,5773.820218500192
44,9,845.8033682524452,12738.6851444875
44,10,350.0490770345067,3828.2463923793916
44,11,888.3847068300333,13978.271967323995
44,12,903.211759749717,12198.127371602974
44,13,512.7815785222865,6777.720510687263
44,14,962.859558388268,11336.754469613912
44,15,577.6918711509456,7035.316156426177
44,16,771.824555126601,9091.269325541278
44,17,803.8323796954005,9065.176548344345
44,18,635.295034836951,9998.177460029108
44,19,811.5938410784227,10304.303156490083
44,20,741.4310297651855,10782.097376598238
44,21,558.0358757060421,5526.004464589317
44,22,577.4665074780634,5913.177521170427
44,23,303.76823814612766,3882.7771469597837
44,24,753.3444819345583,8141.007355960527
44,25,748.2718680018438,9022.023645579035
44,26,803.8943037916898,8307.379491044023
44,27,508.11473473901503,6086.707915482174
44,28,585.1726271302778,9548.113680811464
44,29,969.9331475824885,10936.290188862433
44,30,848.3199885077686,11360.494065131339
44,31,327.7260417666793,4027.787827796723
44,32,814.848328919816,10981.002833320514
44,33,367.5264011721662,4284.410062457656
44,34,472.91073095021324,7025.682001306971
44,35,548.1061780123855,8676.358580163507
44,36,899.496469815691,10289.814346161256
44,37,668.4544080357779,6751.2885896202115
44,38,822.1752723887728,10351.240609312916
44,39,1001.2118567485804,14087.846434855555
44,40,383.0485667895354,3795.3004782656594
44,41,505.0200362776689,5794.499760055547
44,42,835.6079042269596,10511.92350265025
44,43,381.2455413627234,3934.694515351482
44,44,0,0.0
44,45,436.25013460827324,5218.410220257351
44,46,812.4551509552252,11291.241253366727
44,47,351.9079245602661,4021.4379974890912
44,48,437.7306034801815,5545.319429213768
44,49,1242.1736819115636,15923.983615204517
44,50,796.6957653757692,12748.458626647653
44,51,1003.9794729713054,14571.676671516449
44,52,186.7615681465494,2238.122480458271
44,53,477.6931838002438,8093.597082624784
44,54,894.4046474856049,12215.418679662855
44,55,860.3672952124014,13731.8913736562
44,56,614.6603094935485,8598.416819220625
44,57,763.895307361722,10598.965500458691
44,58,765.667839304365,11853.46762358382
44,59,577.9892285503279,6130.473957350168
44,60,319.2855785319465,3722.945310829431
44,61,233.21030597539908,2637.6151061135483
44,62,117.26906950725908,1081.9290840208848
44,63,979.3813313221888,11581.98175943669
44,64,1001.2118567485804,14074.098883878229
44,65,405.30478536580205,5166.076339125168
44,66,848.8598938536946,9913.459529995498
44,67,1166.8378548068517,14858.349729955582
44,68,419.7071777720866,4272.510930360562
44,69,753.2873069110375,10025.907149788974
44,70,759.3231111797562,10203.034447367578
44,71,334.7688338173985,4203.602073444619
44,72,476.56567908382146,5759.044232982872
44,73,749.3450242337628,9587.013819242577
44,74,674.2866157636023,10332.547994364373
44,75,547.0276830305274,6307.930365127226
44,76,738.2282686429003,11064.820646221626
44,77,628.5165286855258,7924.41534254658
44,78,370.900728405756,4037.9607802261808
44,79,903.3120333781985,10772.410301176675
44,80,1278.6957725609534,15874.407274627458
44,81,552.806098813179,5497.648538041254
44,82,643.2827696781835,10495.058965652208
44,83,1135.66323487712,15186.623177853024
44,84,588.1307367017897,9272.27878707576
44,85,571.999509023704,6785.085306688159
44,86,582.7148746237835,6651.138663148809
44,87,670.2476654139958,9839.421899732348
44,88,176.56302181415433,1664.9935256715028
44,89,640.3786928415666,9827.023935485242
44,90,346.81290544818864,3173.0027980989585
44,91,611.8376362110453,7889.582540273547
44,92,452.5291991390627,6875.377591201604
44,93,865.050844250584,9846.051875608739
44,94,380.5748811308236,4202.702066205659
44,95,532.6663965863531,5614.795656373289
44,96,455.97263623999737,5981.91342721784
44,97,882.2726659385878,11205.935508771832
44,98,289.08639980808687,3007.8980159747553
44,99,323.58585655793826,3593.299354498925
44,100,1112.930308003909,15000.08296658585
45,0,780.523410800853,10701.047672174722
45,1,294.95564048327503,3249.9934023312007
45,2,610.5922899343815,7860.546431172944
45,3,458.85418596280294,6569.816208588504
45,4,270.42955738290533,2860.123334029371
45,5,882.385817067051,11415.787139002468
45,6,705.6813970068839,8829.519450645297
45,7,616.4926587377968,6150.159504534152
45,8,315.4164581032174,929.22852475668
45,9,549.8115151800178,7546.646507279044
45,10,322.3713218920672,5264.423228587978
45,11,810.7069516875939,11293.27241203632
45,12,607.2199066772894,7219.839683734761
45,13,664.9764301603649,6902.354523212626
45,14,575.5544100263468,7200.799665079015
45,15,508.61411600850596,6293.003410671065
45,16,448.5327020541722,4125.749672422677
45,17,612.5268924878978,5414.648032527185
45,18,339.30318176452226,4931.493367562999
45,19,616.1160859359834,7679.668238228989
45,20,445.4391766927566,6708.141096169502
45,21,319.7283741788895,3264.1355829383974
45,22,375.0746544056346,4582.547993228733
45,23,228.26765130963167,2024.1072895170876
45,24,498.12911527500006,5388.059491792179
45,25,365.4526217099328,4585.512067756783
45,26,427.58915542976786,4854.045786147684
45,27,251.52288166658616,2585.160554920054
45,28,694.5948719878382,7251.907220625734
45,29,587.1139012905774,6548.283826578114
45,30,652.8255499204723,7458.812707456512
45,31,217.43418869425054,2118.0185862101393
45,32,621.3705737773762,7903.222161087252
45,33,182.62927574058088,2428.1047461118796
45,34,547.9329758077735,7987.736614009513
45,35,625.2837322072729,7224.380711562569
45,36,516.6772235237797,5679.356437648817
45,37,317.63516174386655,3288.7305031619167
45,38,439.35602609686174,5817.892585707885
45,39,705.2200036761511,8981.425432814358
45,40,256.83899280608273,2862.488010887115
45,41,127.7007899857575,1404.0852201302948
45,42,539.6160511545311,5721.878640271763
45,43,156.65368829029438,1391.6066300517691
45,44,473.17752782775545,5218.410220257351
45,45,0,0.0
45,46,855.4773958127863,9505.571919603324
45,47,344.2301694178267,5543.671673013016
45,48,565.0565039063708,5803.757989220858
45,49,886.354435619654,10994.819759485556
45,50,500.7039123033402,7574.166606888329
45,51,707.9876198988761,9353.266600144869
45,52,500.68381300410994,5790.238663277906
45,53,642.9154286578046,9470.303557490624
45,54,579.4055909104571,7217.853800474897
45,55,564.3754421399724,8957.064751223472
45,56,306.56845642111983,3382.889956085388
45,57,467.90345428929305,6670.78900774727
45,58,791.5900841619255,9231.652442641489
45,59,408.81147340788806,5270.670685155027
45,60,381.00782338950694,5761.030219776975
45,61,438.53255083295966,5354.030951531155
45,62,441.1772164348301,4182.651503098129
45,63,592.0761829602675,7396.002794057103
45,64,705.2200036761511,8948.670347207124
45,65,448.62703022336274,7035.775694011396
45,66,565.4680407812662,5981.447226183157
45,67,790.7186085149415,10134.133200794966
45,68,364.8894825848633,3807.2188008039197
45,69,429.99545383860925,4878.3312846541085
45,70,463.33125810732764,5570.174610797664
45,71,219.09526068288883,1966.106325186145
45,72,93.74643279191017,1091.2674722314262
45,73,453.3531711613342,5474.369210473494
45,74,791.1088606211623,8776.84448349188
45,75,290.0358299580985,2974.8739486342984
45,76,442.236415570471,5947.230065503662
45,77,628.6380422043038,6855.034619810663
45,78,400.395580043834,4155.757349032843
45,79,520.4927870862874,6685.149266070081
45,80,922.8765262690438,10986.743963849522
45,81,331.4517165945729,3361.9203039265276
45,82,760.1050145357435,9349.070940771018
45,83,779.8439885852101,10161.354294803565
45,84,687.35298155935,9163.308333055435
45,85,706.2217538812646,7148.410434489532
45,86,519.737547902834,5686.712731677057
45,87,374.25581234156726,4631.371428763159
45,88,469.67116874172547,5142.641694226873
45,89,344.38683976913785,4886.503109753547
45,90,253.8077570862668,2537.4252286740125
45,91,564.6598810686054,6942.062719688026
45,92,573.5895793393632,8198.223858922076
45,93,581.6589911781555,6087.734722247199
45,94,349.9971259883841,5537.518236743964
45,95,544.7886414439133,6905.5506011436855
45,96,621.1948810975581,8099.22834047248
45,97,499.45341964667654,6804.370661122049
45,98,309.2671535161754,2296.6687381209754
45,99,345.4136604660825,5227.146790415287
45,100,757.1110617119992,9933.96333847227
46,0,1080.1425250777945,15125.299900837776
46,1,665.9473615407345,7625.018405741843
46,2,994.9114042113226,15780.329894216376
46,3,638.9459070202624,8577.714443423843
46,4,1066.848671659848,12149.866719456168
46,5,324.37753812451047,4228.232378943536
46,6,1007.5005112838253,15447.359174495215
46,7,1158.7117730147384,15283.788081982435
46,8,902.708179160677,8687.766786760749
46,9,791.4032362374763,12317.566680641867
46,10,645.463042949527,7595.43082159442
46,11,234.09867274505336,3157.468644849726
46,12,848.8116277347481,13524.004597593383
46,13,1139.8955444373069,16212.039612660777
46,14,959.8735243032879,15355.973071842673
46,15,470.1058370659656,4277.135656630652
46,16,981.1244231116317,11649.682148616916
46,17,416.4186135453574,4871.0104850262105
46,18,728.0949028219818,8614.008114345164
46,19,444.90780699344305,2238.932869792678
46,20,549.4308977502161,5355.47199253941
46,21,1169.9498416210622,12752.957631516176
46,22,624.2892000675706,5521.331837247047
46,23,832.1593723670915,8541.032644663732
46,24,1101.5482295519419,14760.042680293922
46,25,965.2717359868744,12959.11789755876
46,26,1053.3082697067093,14010.041747048643
46,27,711.2146027240456,6920.888035367695
46,28,264.1865930452978,2292.255786944598
46,29,954.8330155675188,14479.676169230834
46,30,497.2339544227887,4901.467775803941
46,31,821.3259097517104,8311.738745767598
46,32,329.9622948348358,2929.1084005081657
46,33,804.7262691571972,7849.642097585864
46,34,545.2246968652332,5556.657376040643
46,35,313.9201439274056,2617.2961331738716
46,36,936.1963378007214,13455.151204804266
46,37,1114.054276020809,12668.68509674653
46,38,903.1751403738031,13693.735667570088
46,39,964.2117247336112,10524.094188849773
46,40,1072.0625327045552,11867.91704462147
46,41,979.3361030968118,10811.19236596777
46,42,767.2077722119905,7497.871992505395
46,43,909.7454093477543,10177.94702269753
46,44,819.1551509552258,11291.241253366727
46,45,905.8773958127863,9505.571919603324
46,46,0,0.0
46,47,651.2218904752864,7494.516777819174
46,48,1149.8445693952015,14990.944584791667
46,49,1187.7735498965947,16554.911265674895
46,50,759.6956333607999,10461.749197971882
46,51,966.9793409563362,12650.468391947858
46,52,703.5755340615694,9578.54498281488
46,53,620.5071497152636,6032.590311408216
46,54,840.004515470636,13442.679063579411
46,55,708.2671631974315,8460.281314155036
46,56,819.1601774785797,9591.542033449756
46,57,571.8951753467526,4997.090820189697
46,58,233.18180521938507,1847.928123553956
46,59,557.0031944653477,5171.1921095005355
46,60,646.8608595140588,7941.079769055448
46,61,701.1242718904192,8890.587062206087
46,62,896.6748847026867,11002.897447900968
46,63,976.3952972372086,15447.003857222058
46,64,964.2117247336112,10680.368474634266
46,65,582.0187512808222,7180.897401495921
46,66,418.65976183872556,5134.108836694029
46,67,1112.4377227918828,16575.077126948436
46,68,1127.021143687107,12931.706809625903
46,69,835.4871748960687,11262.167170168794
46,70,591.5504577024772,6946.2942563112065
46,71,841.2687018024295,8278.854887840536
46,72,948.2655470688522,10461.872221951671
46,73,482.7484349945962,5635.464491763874
46,74,157.20730074494057,986.0544426630114
46,75,726.9275510155579,6531.53989604938
46,76,701.228136627931,9213.432607700182
46,77,1256.5571564812456,16353.341593929517
46,78,1078.2146943207765,13133.391925965958
46,79,943.8224661641121,14999.508343947686
46,80,1224.2956405459845,16716.85663952148
46,81,1170.3708308715152,12843.47833704673
46,82,192.19673559320339,1384.3771819218066
46,83,1081.263102862151,15447.758720305632
46,84,381.5447026168094,3422.193319644424
46,85,742.913474938724,5043.055983241729
46,86,1221.228840538804,15146.026272141858
46,87,727.3475333990268,9747.433230665807
46,88,787.0628897991851,9758.68136048238
46,89,699.5785608265973,8004.547244406849
46,90,1027.9268713632086,11084.017922570214
46,91,392.95160212606515,3437.736429093684
46,92,570.881300396823,6063.217070774522
46,93,434.850712235615,4763.652148954373
46,94,613.4888470458437,7289.5597007194665
46,95,555.880362501373,6452.5889989218085
46,96,732.0866021550172,7298.589624372374
46,97,883.772533923618,14655.056485861272
46,98,1005.4862677931177,10431.603705422867
46,99,667.9053815235422,7834.259797868768
46,100,1058.53017598894,15044.085683882793
47,0,999.1952986828348,15705.071690249628
47,1,455.60013514577497,6812.424611382319
47,2,895.1641778163639,13401.398136955117
47,3,145.5651200594627,1421.1054705754957
47,4,580.1014452648875,8203.323633015567
47,5,780.9967511637105,11122.318414962623
47,6,926.5532848888658,14282.064246665781
47,7,734.8309860539387,9120.744358372473
47,8,321.16095276571735,5442.735879112728
47,9,710.4560098425169,12455.999558650567
47,10,36.81050176293323,292.3484727521728
47,11,709.3178857842535,10399.750884658873
47,12,767.8644013397886,12555.51244846929
47,13,716.0147574765064,10229.237171624585
47,14,860.1262979083292,12732.010558027445
47,15,319.02505010516603,3238.7655311590875
47,16,636.4771967166721,9567.39005722709
47,17,479.985021285472,6535.498266400128
47,18,499.9476764270222,8908.594831593758
47,19,632.5270200326433,6928.605279341061
47,20,592.9836713552564,8337.695270986142
47,21,588.4026152261025,7757.949166087518
47,22,253.61914906813453,2791.8222926575672
47,23,250.61214597213157,3527.5167068441447
47,24,792.8010031569822,10397.114245178353
47,25,650.0245095919153,10126.938101473226
47,26,737.26104331175,10149.033109900254
47,27,304.4673763290861,4486.842588757652
47,28,406.10580608449834,6086.9722977375295
47,29,871.6857891725599,12091.944969738299
47,30,669.2531674619893,8705.214536712105
47,31,239.77868335675043,3427.2387709912105
47,32,635.7815078740364,7791.492741375288
47,33,223.17904276223726,3188.338915917192
47,34,293.8439099044334,3084.2485967808475
47,35,369.0393569666061,4943.097159524764
47,36,801.2491114057624,11211.203399120177
47,37,626.8070496258488,8481.143786757062
47,38,723.9279139788442,11357.40010349814
47,39,865.8644983386514,12772.784292657105
47,40,490.51530630959576,6196.0637931714655
47,41,434.88887670185204,6806.959807141029
47,42,700.2605458170308,8880.380298461216
47,43,328.19818295279435,5073.201408956651
47,44,381.1220224902555,4021.4379974890912
47,45,350.4301694178266,5543.671673013016
47,46,633.3883299094458,7494.516777819174
47,47,0,0.0
47,48,725.9637824344014,8936.40600904725
47,49,1106.8263235016357,16302.671918722543
47,50,661.3484069658402,11752.584662100062
47,51,868.6321145613764,13896.079269533326
47,52,215.82830766660982,2084.560477093182
47,53,329.62636275446414,4353.232703839681
47,54,759.0572890756765,12534.514286423797
47,55,725.0199368024723,11791.59007377675
47,56,479.3129510836198,8237.478598719004
47,57,615.4479489517929,8052.527986874578
47,58,586.6010182585853,8352.297753705874
47,59,251.62240750454797,2609.050962377907
47,60,96.05231805200688,494.33526343331744
47,61,153.5770454954595,1425.169768603889
47,62,386.1276583077271,4117.038947273002
47,63,876.6480708422499,12933.119890633487
47,64,865.8644983386514,12818.20208937711
47,65,135.3379643200224,1534.4005482285331
47,66,525.0125354437661,7465.153693952045
47,67,1031.4904963969236,15586.530545705236
47,68,560.6613704668456,7125.3322620765775
47,69,617.9399485011087,10064.492118334385
47,70,629.6032313075177,8406.678516315464
47,71,259.72147540746965,3590.9424029549364
47,72,403.81832067389246,6570.414770778147
47,73,526.3012085996365,7348.090975020724
47,74,495.2197947178227,6512.227469900263
47,75,343.38032462059846,4447.576481017932
47,76,602.8809102329714,9993.382184245052
47,77,810.783268205586,10992.821926401237
47,78,589.5674679258162,7111.81941118177
47,79,805.06467496827,12206.07634282667
47,80,1143.3484141510255,16330.310971075405
47,81,588.8236044765554,7791.175247838452
47,82,464.2159486324038,6563.755129621978
47,83,1000.3158764671916,15377.456812128874
47,84,409.0639156560099,5250.841029071342
47,85,392.9326879779243,2764.325306557489
47,86,726.6816141438437,9665.844869305312
47,87,534.9003070040671,9265.918006978809
47,88,242.01566340422536,2370.74738613683
47,89,505.0313344316378,8515.432822207313
47,90,446.37964496824895,5280.495973680773
47,91,362.87081516526536,4058.485176593071
47,92,267.26237809328285,3049.8784231393456
47,93,541.2034858406554,7266.768777050687
47,94,36.708060085043876,205.81476566557595
47,95,307.49957554057335,1686.8824308427636
47,96,307.90581519421767,2593.955941081927
47,97,784.0253075286593,12347.68461495857
47,98,423.93904139815766,4649.97320426375
47,99,60.4581551285824,457.1966030661463
47,100,977.5829495939807,15095.25780438577
48,0,860.5490263908615,13613.160824264534
48,1,849.853862853802,8900.116959061237
48,2,601.8868567362792,8360.90403440763
48,3,624.6213595452181,9104.134100509367
48,4,405.05517297291425,4511.927460195278
48,5,1293.2529906494665,17213.260331776757
48,6,785.7070125968925,10513.293830361368
48,7,56.78722553969425,379.91137083487513
48,8,728.914680473744,6731.996177019063
48,9,791.4786887624329,11134.635185646768
48,10,722.8331806828487,8666.67373362352
48,11,1221.5741252700093,17042.055902244894
48,12,650.6240942357082,9800.052672313434
48,13,158.27099696226244,1293.480320617522
48,14,593.7489768282442,7637.168380347383
48,15,910.8812895909217,11170.498384462164
48,16,618.0861968488823,7292.268684109221
48,17,1121.1940660703128,11214.818501397025
48,18,894.201404135049,10083.111711487698
48,19,1118.5832595183986,13363.590310392465
48,20,947.906350275172,12472.728971869308
48,21,275.3563429341289,2860.9621715634835
48,22,831.9728767761611,9573.567522160416
48,23,620.7746074442254,6464.859193050935
48,24,327.56494916264523,3859.0160184040483
48,25,511.8819197365796,6305.747872874348
48,26,378.11477101977664,4663.152933320747
48,27,769.9211040371126,8243.03774847689
48,28,918.3620455702533,12834.667423815754
48,29,667.139516880586,7649.642145186105
48,30,1155.292723502887,13241.362856977534
48,31,644.7324110647769,6692.771062235113
48,32,1123.8377473597911,13675.38968332758
48,33,639.5274981111072,7159.445492147907
48,34,806.1001493901889,12001.70195582274
48,35,881.295596452361,12497.57255044088
48,36,613.6028391137887,7486.791069897425
48,37,389.86077733387543,4046.5232106278213
48,38,519.3816416868705,7409.260381005757
48,39,1184.4871772585666,13704.608354317254
48,40,308.16903401762244,3124.2839171581154
48,41,480.42640557576635,4958.6012599757705
48,42,1094.5142735250574,11185.118048236061
48,43,478.65191066082093,4832.414129643495
48,44,435.43060348018145,5545.319429213768
48,45,606.9838971258532,5803.757989220858
48,46,1145.6445693952012,14990.944584791667
48,47,699.397343000242,8936.40600904725
48,48,0,0.0
48,49,966.3800512096626,13013.130393921698
48,50,943.3347249503794,12125.865838359992
48,51,967.7858345603886,13238.636093996967
48,52,608.050986586525,7669.929168141492
48,53,810.8826022402197,13278.213910092438
48,54,659.4312065004657,9867.632028304342
48,55,1083.8426157223873,14271.267810996404
48,56,712.6730301517101,8152.2355616897285
48,57,970.3706278717085,12458.582699729614
48,58,1098.857257744341,14944.613110239932
48,59,865.7096957784147,10105.971634780763
48,60,666.7749969719223,8819.091164135862
48,61,626.099724415375,7826.4498989688955
48,62,404.04439001724546,4923.249245845804
48,63,610.2707497621649,7903.5660518718905
48,64,1184.4871772585666,13610.46039514951
48,65,738.4942038057777,10358.269126997939
48,66,1074.1352143636814,11775.998842304924
48,67,848.9131753168391,11594.929114938448
48,68,205.42764500017353,2063.1299726316083
48,69,715.6936762091354,8564.67165498263
48,70,1018.2294804778542,11161.543979811957
48,71,651.7752031154962,6714.014789963019
48,72,518.772048381919,5245.533195993456
48,73,955.8203447437494,11253.725491416028
48,74,1007.4760342035779,14156.719861781068
48,75,808.8340523286249,8620.761141522475
48,76,928.1165760734593,10868.809422635784
48,77,230.43699591361286,2496.1032126974446
48,78,173.9671045282562,1884.639276949643
48,79,536.8184026762963,7119.239562522541
48,80,974.9835331458853,12867.126318337034
48,81,263.32656604126595,2739.677565462397
48,82,976.4721881181591,14581.079441842428
48,83,859.8696041752187,12599.772759310375
48,84,921.3201551417658,13879.860850459932
48,85,905.1889274636796,11478.73794754219
48,86,146.5353418518707,1493.9498143754513
48,87,811.2540347120937,9277.389115626505
48,88,559.5383423241408,6952.720626853179
48,89,899.2850621396645,10248.55643295398
48,90,384.8333726762757,3932.6934549072707
48,91,945.0270546510209,11970.328249777205
48,92,785.7186175790383,11983.999388108718
48,93,1090.326164760571,11890.98649780077
48,94,713.7642995707994,9059.7926253993
48,95,865.855815026329,10622.469992073353
48,96,789.1620546799733,11306.957861043964
48,97,579.4790352366854,7886.895360626882
48,98,451.19276910618436,4606.2973740198195
48,99,701.1808340484979,8481.324890805103
48,100,837.1366773020078,12562.556876752864
49,0,198.6469581041447,2051.859896847619
49,1,846.3517945670845,9855.789979611282
49,2,489.5158372376735,4844.573063825432
49,3,1223.6503400466122,17486.29494275738
49,4,759.5531046861969,9283.956863652293
49,5,1224.1819711508606,15376.672097491455
49,6,268.6049443101757,2499.8667208333823
49,7,951.6162060410891,13336.648009072702
49,8,1131.4126121870272,10880.185075150834
49,9,413.50766926382687,4254.73650943682
49,10,1087.1674759758769,16051.322979958737
49,11,1152.5031057714034,16176.576537355459
49,12,346.12202594899117,3775.4086135225343
49,13,932.499977463657,13028.997567154644
49,14,478.37795732963843,5476.4638380900105
49,15,1176.0102700923155,15706.150426794333
49,16,670.4288561379815,6882.733270434347
49,17,960.5230465717073,11934.136153119569
49,18,777.6993358483317,8122.999461822655
49,19,957.9122400197929,14341.532542804314
49,20,787.2353307765662,11219.138485112315
49,21,888.3519214821815,10869.135591679022
49,22,1149.4936330939208,14343.754532392995
49,23,993.0638053934413,12948.484809120817
49,24,684.7526625782921,9195.758898850218
49,25,548.4761690132248,7004.675924212773
49,26,636.5127027330598,8360.780655090524
49,27,998.1190357503959,11990.162932058995
49,28,1036.3910260716477,14617.571899141496
49,29,538.5374485938695,5365.2978714677
49,30,994.6217040042815,11795.118591505832
49,31,982.2303427780602,12979.620110827382
49,32,963.1667278611857,13677.377266017342
49,33,947.4254298243906,13133.477557283364
49,34,1276.629129891582,18037.819553303307
49,35,1051.4798862910823,15609.039683766794
49,36,519.4007708270716,5715.276925325681
49,37,782.9587090471581,9449.830550469971
49,38,486.37957340015345,5716.1672061466
49,39,632.8161577599606,6801.387971235142
49,40,991.6625401093748,12334.837081468297
49,41,803.7405361231617,10137.63731148086
49,42,932.8122052383403,9068.07447343906
49,43,952.649842374104,12053.453141040438
49,44,1242.3736819115657,15923.983615204517
49,45,924.2818288391363,10994.819759485556
49,46,1197.2735498965958,16554.911265674895
49,47,1109.0263235016362,16302.671918722543
49,48,945.2490024215518,13013.130393921698
49,49,0,0.0
49,50,543.1637054517732,6198.601365909146
49,51,362.98376627367185,4402.257208156019
49,52,1265.4799670879192,16784.903400590636
49,53,1407.7115827416144,19499.861607192703
49,54,354.9291382137486,3782.4058950269846
49,55,824.7715962237818,9093.728709069981
49,56,712.7709618649926,8100.458833521168
49,57,809.6996083731027,11564.575038162331
49,58,1133.3862382457357,15111.890711803657
49,59,1173.6076274916982,15025.14680261194
49,60,1145.8039774733165,16608.200760223026
49,61,1203.3287049167689,16331.433720705423
49,62,1210.3733705186403,14842.17051008459
49,63,494.8997302635592,5221.640697102875
49,64,632.8161577599606,6593.891227084483
49,65,1213.4231843071716,17661.48340605106
49,66,913.4641948650756,11452.861124822908
49,67,156.13094195199693,1641.508078337381
49,68,1016.4255767134564,12417.561009936804
49,69,568.1916079224184,6238.864531533896
49,70,867.9274121911369,9635.681563626562
49,71,1002.1731348287793,12792.18565087049
49,72,793.4002067580589,10212.251318526522
49,73,795.1493252451436,11015.738346125823
49,74,1142.305014704972,16405.81682748304
49,75,1021.7319840419082,12172.221385508967
49,76,663.845556574853,7358.14852648781
49,77,823.7615895075963,11460.077361833455
49,78,1135.219127347126,12859.849366285376
49,79,462.32689919046294,5936.920939228964
49,80,67.80007357233544,311.1346311394793
49,81,893.4752638978649,10952.666111209817
49,82,1228.0011686195528,17261.398875908486
49,83,145.3675358885018,1114.680557588311
49,84,1258.549135643159,18174.772102428753
49,85,1471.0179079650732,17040.675465408527
49,86,820.0332735651538,11631.139234524997
49,87,683.3519664253766,7267.959233548164
49,88,1234.4673228255351,16125.45005706924
49,89,782.7829938529472,8714.462428118435
49,90,1042.331304389559,12769.002070379333
49,91,1098.8560351524147,15930.420573745148
49,92,1302.2857334231712,18404.726880570284
49,93,929.6551452619649,11832.163719162856
49,94,1114.7932800721933,16245.554756229236
49,95,1287.2847955277223,17331.89896171335
49,96,1385.9910351813674,18675.04758377666
49,97,457.6769669499685,5126.299382195202
49,98,1097.7907008194668,12941.959885140373
49,99,1110.209814549892,16066.030246431757
49,100,168.83460901529088,1537.5523683488307
50,0,424.93268063297216,4664.2707853106995
50,1,390.17387803128855,4962.252662927157
50,2,538.5015597665009,7229.883073634712
50,3,767.4724235108165,13115.085692155299
50,4,629.7388272150249,7613.946290198623
50,5,719.8040546150644,9239.294617315707
50,6,481.790666839003,5756.118214604835
50,7,912.0019285699165,12504.973079684409
50,8,675.2346956512308,6981.359065766537
50,9,183.83307856399182,2258.4821861515506
50,10,630.9895594400808,11558.772847732005
50,11,648.1251892356073,9988.353306464032
50,12,323.1017832899257,4158.746421698705
50,13,892.8856999924844,12748.388378946462
50,14,503.46367985846575,7232.392217952167
50,15,743.4323535565193,10310.510149496176
50,16,489.2145786668094,4920.522083593319
50,17,527.9451300359113,6141.757511944613
50,18,321.5214193125357,2855.756146129683
50,19,525.3343234839971,8295.704794352256
50,20,354.65741424077015,5107.670961500605
50,21,757.2376440110091,9309.196716993694
50,22,683.6928919536483,9280.45916891296
50,23,536.8858888576451,9023.481083811532
50,24,645.1383851071195,9251.256080355772
50,25,508.861891542052,6278.098973270625
50,26,596.8984252618872,8149.015737184829
50,27,541.9411192145997,7281.780460739595
50,28,603.8131095358519,8686.401197866371
50,29,498.42317112269683,6399.154123214912
50,30,474.94378746848565,5622.078581636758
50,31,526.052426242264,8953.940615604117
50,32,530.5888113253898,7546.999487159978
50,33,491.2475132885943,8908.946987369425
50,34,844.0512133557869,12773.704929099407
50,35,618.9019697552864,9854.174260449003
50,36,479.78649335589887,5679.366566159913
50,37,676.9444315759862,8098.41166048017
50,38,446.7652959289808,5912.947607133014
50,39,339.601880288788,1597.3959626432788
50,40,722.6846235735785,10041.003142467256
50,41,562.2626195873655,7516.534109451271
50,42,401.13428870254444,3168.8531210739434
50,43,566.2719258383079,8948.372845328904
50,44,786.1957653757687,12748.458626647653
50,45,488.80391230334016,7574.166606888329
50,46,764.6956333607999,10461.749197971882
50,47,652.8484069658401,11752.584662100062
50,48,905.6347249503792,12125.865838359992
50,49,543.1637054517732,6198.601365909146
50,50,0,0.0
50,51,236.06949651151302,2275.471003141482
50,52,809.3020505521234,12843.774496940863
50,53,951.5336662058181,14142.07079640528
50,54,314.29467102581367,4042.3920593803186
50,55,286.3936796879855,3194.6229699445034
50,56,353.39304532919704,4232.188637819755
50,57,377.1216918373066,5473.526474518965
50,58,700.808321709939,8941.532093901029
50,59,717.4297109559019,9866.28829161034
50,60,689.6260609375205,12160.76337850484
50,61,747.1507883809733,12225.761287976751
50,62,754.1954539828434,11742.77552210825
50,63,519.9854527923866,7159.196742258815
50,64,339.601880288788,1486.106481928386
50,65,757.2452677713761,12858.86616579016
50,66,435.931995827751,5487.145839642671
50,67,541.6166644808244,6582.768547198895
50,68,807.6351133523588,10643.074936636654
50,69,343.57733045124587,3644.3847154364926
50,70,330.449495655341,3751.667097015908
50,71,545.9952182929832,8755.291729715145
50,72,531.1920635594059,7368.853947922086
50,73,362.5714087093478,5156.837737920212
50,74,709.7270981691764,10414.8120411852
50,75,565.5540675061121,7306.484862312579
50,76,169.15465311848465,1761.1107920434176
50,77,800.1473120364232,11745.424907338709
50,78,843.1412108113295,11091.832706000256
50,79,487.41262171929026,7220.169983441288
50,80,579.685796101163,6400.175748574335
50,81,769.2609864266926,9427.866186839385
50,82,795.4232520837575,11286.99133066507
50,83,436.6532584173292,5084.709654061246
50,84,825.9712191073631,12445.672027657876
50,85,1014.8399914292778,11757.938929053138
50,86,780.4189960939811,11209.160069503127
50,87,245.97404988958058,2978.039157511706
50,88,778.289406289739,12348.890455942847
50,89,326.6050773171513,3249.4556384950783
50,90,693.3533878537621,10025.388363605465
50,91,666.2781186166188,10344.941051942486
50,92,869.7078168873767,13215.054603937495
50,93,465.7772287261688,5865.2943169096325
50,94,658.6153635363977,11638.890202885903
50,95,853.406878991927,12372.787636593084
50,96,929.8131186455716,13760.49074024665
50,97,427.36268947879563,6403.81646003078
50,98,670.9127842836712,9869.577533116013
50,99,654.031898014096,11647.548442925832
50,100,413.92033154411837,4662.064082065006
51,0,208.45274145487082,2560.8576957295522
51,1,616.7575856268243,7084.029308522396
51,2,580.0216205883995,6886.042647896529
51,3,994.0561311063524,15232.171693815291
51,4,674.0588880369237,8808.731194194273
51,5,948.5877622106003,11052.301058976012
51,6,451.71072766090185,4810.408672114505
51,7,953.0219893918153,13609.407679953685
51,8,901.8184032467668,8885.248372544065
51,9,206.75313938589053,2115.387585969197
51,10,857.5732670356167,13689.148970452628
51,11,876.9088968311432,11922.777399797309
51,12,367.42184411182444,3894.9064445809454
51,13,933.9057608143833,13675.761847456703
51,14,544.9837406803648,7124.145384143881
51,15,946.4160611520548,12574.878175275542
51,16,557.034639488708,5974.411110661396
51,17,730.9288376314472,8416.763229923086
51,18,499.7271682798051,5002.196163130358
51,19,728.3180310795326,10517.924685385058
51,20,557.641121836306,7317.732040145483
51,21,801.5577048329079,10551.264197381019
51,22,919.8994241536606,11499.39099212167
51,23,763.469596453181,10986.553264678418
51,24,686.1584459290183,9929.62279211994
51,25,549.8819523639509,7009.523775709372
51,26,637.918486083786,8855.259585127049
51,27,768.5248268101357,9409.388227573658
51,28,806.7968171313875,10940.761671098522
51,29,539.9432319445957,6456.300340759142
51,30,703.7274950640217,7764.385394863051
51,31,752.6361338377999,10942.271259818604
51,32,733.5725189209254,9723.072923167656
51,33,717.8312208841303,10947.319677784473
51,34,1047.0349209513224,15031.514398856252
51,35,821.8856773508219,12126.954567602534
51,36,520.8065541777977,6050.187814154672
51,37,721.264492397885,9209.590738283681
51,38,487.7853567508796,6227.461976116155
51,39,269.8219488197003,2409.0240748424876
51,40,898.568323460101,11548.444180824588
51,41,710.646319473888,9034.63313116167
51,42,629.9179962980802,5444.3220261095385
51,43,792.8556334338434,10674.923120988322
51,44,1012.7794729713049,14571.676671516449
51,45,715.3876198988758,9353.266600144869
51,46,967.6793409563355,12650.468391947858
51,47,879.432114561376,13896.079269533326
51,48,946.654785772278,13238.636093996967
51,49,362.98376627367185,4402.257208156019
51,50,236.06949651151297,2275.471003141482
51,51,0,0.0
51,52,1035.8857581476595,14863.414287185813
51,53,1178.1173738013547,16409.57311653436
51,54,356.33492156447477,3785.8937035136137
51,55,452.19450623876,4724.423889350634
51,56,536.7767529247327,5977.732738263277
51,57,580.1053994328424,7692.25074750281
51,58,903.7920293054747,11062.680730826747
51,59,944.0134185514378,12102.677386377143
51,60,916.2097685330564,14286.59081298976
51,61,973.7344959765092,14277.733579785552
51,62,980.7791615783797,13529.500690698525
51,63,561.5055136142855,6973.978161196537
51,64,269.8219488197003,2204.2066863056457
51,65,983.828975366912,15055.121617020966
51,66,664.7157034232871,7747.407470181953
51,67,472.1367253027231,5234.373673431399
51,68,904.4188132388817,12002.772866747504
51,69,420.5973912731447,4752.496775663675
51,70,559.2332032508767,6026.916810992337
51,71,772.578925888519,10742.768688453249
51,72,700.3059901087851,8954.17125718069
51,73,565.5551163048835,7430.658917550962
51,74,912.710805764712,12648.814674942854
51,75,792.1377751016479,9469.444139922598
51,76,390.05134763459284,3950.8745521297656
51,77,841.6673728583221,12449.657883104872
51,78,1042.124910697852,12462.370030964006
51,79,528.9326825411891,7288.45359809925
51,80,413.9058569230615,4659.5382841450755
51,81,813.5810472485914,10662.97929916352
51,82,998.406959679293,13523.514010397637
51,83,279.5733192392279,3354.5609007771955
51,84,1028.9549267028988,14717.6383091586
51,85,1241.4236990248137,14015.355155783433
51,86,821.43905691588,12138.158920299065
51,87,436.2577574851165,4760.202091546825
51,88,1004.873113885275,14323.538851639738
51,89,553.1887849126871,5465.0960224445
51,90,919.9370954492983,11671.867681328855
51,91,869.2618262121543,12619.760764553312
51,92,1072.6915244829117,15466.259953910612
51,93,694.5609363217048,8123.42822746894
51,94,885.1990711319336,13792.67489273764
51,95,1057.6905865874626,14591.5865386387
51,96,1156.3968262411076,15977.943545223661
51,97,468.88275030069457,6366.426312529586
51,98,897.4964918792074,11610.682422599588
51,99,880.6156056096319,13763.253784288378
51,100,272.63837698471116,2929.831463993535
52,0,1168.0489422691176,16431.513602226223
52,1,624.4537787320583,7902.966064059299
52,2,1022.6178214026465,13372.86180404876
52,3,143.2228178241172,1479.987529439419
52,4,716.955088851171,8004.142570234645
52,5,849.8544489283652,13145.917374718107
52,6,1095.4069284751483,14587.468009697002
52,7,583.2181902060621,7786.286902269096
52,8,490.0145963520006,6021.756224894626
52,9,879.3096534287995,13221.6236660307
52,10,180.36946014085035,2000.4483587843129
52,11,778.1755835489081,12460.493870406814
52,12,936.7180449260712,13010.06700584286
52,13,564.4019616286301,8933.136131629632
52,14,1014.4799414946115,12657.952886357358
52,15,467.4827478698204,5315.334124289647
52,16,805.3308403029554,9909.497364032522
52,17,648.8386648717549,8216.35321769848
52,18,668.8013200133053,9995.929326904854
52,19,701.3847177972978,8927.689019034226
52,20,761.8373149415396,10013.739489975014
52,21,647.0562588123857,7134.677364986019
52,22,422.47279265441773,4611.903427926992
52,23,344.574523322482,3899.7581777376063
52,24,804.9648650409019,9823.662189199396
52,25,811.9781531781983,10161.747368733533
52,26,855.5146868980335,9797.001358280786
52,27,473.3210199153693,5651.632208793904
52,28,474.9635038491528,8104.531681759722
52,29,1033.639432758843,12134.660616422463
52,30,738.1108652266437,10469.661060500059
52,31,357.33232694303365,3924.38060661464
52,32,704.6392056386908,9739.306702784936
52,33,349.2326863485205,3935.021812566723
52,34,362.7016076690879,4873.5573467499
52,35,437.89705473126054,7016.847976236968
52,36,963.2027549920455,11360.889444871933
52,37,743.560693212132,8148.210592982958
52,38,885.8815575651273,11466.044758253302
52,39,1034.7181419249348,14019.738523927725
52,40,488.6689498958791,5412.374608276121
52,41,568.7263214540232,6779.683101985783
52,42,869.1141894033137,10215.576765040321
52,43,444.9518265390776,4851.30429966557
52,44,210.06156814654938,2238.122480458271
52,45,519.28381300411,5790.238663277906
52,46,702.2460276741001,9578.54498281488
52,47,182.22830766660977,2084.560477093182
52,48,574.3509865865248,7669.929168141492
52,49,1275.679967087918,16784.903400590636
52,50,830.2020505521234,12843.774496940863
52,51,1037.48575814766,14863.414287185813
52,52,0,0.0
52,53,367.48406051911854,5868.319282477045
52,54,927.9109326619591,13007.789949134005
52,55,893.8735803887556,13299.103522750373
52,56,648.1665946699031,8958.746242601263
52,57,784.3015925380761,9765.933378384216
52,58,655.4587160232398,10391.760264877388
52,59,423.5801052692026,4595.967443877646
52,60,149.6059616382901,1662.6278454921282
52,61,63.530689081742715,740.0068453787051
52,62,245.78130189401017,2772.685365679432
52,63,1031.0017144285323,12884.791299441955
52,64,1034.7181419249348,14039.264821473143
52,65,258.5956620846768,2964.7816007456136
52,66,693.866179030049,9129.364409117472
52,67,1200.3441399832059,15887.471436083313
52,68,529.9275608784302,6142.086330380634
52,69,786.7935920873919,10635.097212397455
52,70,798.4568748938005,9806.617404001563
52,71,364.37511899375284,4123.506433441948
52,72,540.2719642601758,6633.837284525294
52,73,695.1548521859196,8921.359730847164
52,74,564.0774924824772,8596.649833505635
52,75,512.2339682068817,5742.0986740613835
52,76,771.7345538192545,11093.217443912754
52,77,680.1369117918692,9953.221066195758
52,78,481.1211115120996,6003.980208185788
52,79,967.018318554553,12104.864540431881
52,80,1312.2020577373078,16774.33907833023
52,81,647.4772480628386,7135.926854771522
52,82,533.0736463970584,8636.798804708973
52,83,1169.1695200534743,15944.731428160974
52,84,477.92161342066436,7222.862078302878
52,85,461.7903857425788,4771.658626166137
52,86,645.7352577301273,8644.329249729544
52,87,703.7539505903501,10116.622034181215
52,88,84.8693069905086,762.464550454028
52,89,673.8849780179208,9697.433477559536
52,90,444.5332885545323,4577.034029083215
52,91,501.62851292992,6141.640304414546
52,92,342.32007585793735,4677.822446212836
52,93,710.0571294269383,8981.637694505669
52,94,213.29526423716717,2289.1243908126876
52,95,422.4572733052277,3486.1639328202573
52,96,345.7635129588721,3744.126568647882
52,97,945.9789511149423,12401.199285022813
52,98,380.692684984441,4110.551150547606
52,99,153.90623966428183,1769.5117946720447
52,100,1146.4365931802633,15706.818367249993
53,0,1267.0477519987955,18561.760529416428
53,1,765.8853943857524,9644.71068426734
53,2,1181.8166311323246,17228.454388667586
53,3,313.88393986528047,4403.506421839387
53,4,890.3867045048655,12285.583707852222
53,5,802.6827650455116,10257.625658341634
53,6,1194.4057382048277,17750.46090520071
53,7,833.6498058597562,13450.90766930937
53,8,631.4462120056949,9102.25874408336
53,9,978.3084631584779,15371.18876347214
53,10,355.2010757945447,4633.231021948931
53,11,731.0038996660545,9169.33667930029
53,12,1035.7168546557498,15897.192453674254
53,13,814.8335772823239,14569.368111513108
53,14,1146.7787512242899,16611.39932509196
53,15,420.31106398696693,3838.4114023659886
53,16,946.7624559566498,13159.01223889681
53,17,731.9238404663588,8070.312000680612
53,18,810.2329356669994,11516.171201615072
53,19,654.2130339144443,6870.303882815836
53,20,756.5361246712173,9584.535706076667
53,21,898.68787446608,12040.041940131188
53,22,502.10440830811217,5190.591541365634
53,23,560.8974052121091,7584.485307314182
53,24,1055.3964806945958,14626.607314448265
53,25,960.309768831893,13982.627425922254
53,26,1047.546302551728,14272.887017029749
53,27,614.7526355690636,7602.042444157972
53,28,427.79181996629933,6082.724954675222
53,29,1141.7382424885207,15885.148288645232
53,30,690.9391813437902,9581.743975439385
53,31,550.063942596728,7423.590991797842
53,32,657.4675217558372,7922.275695397941
53,33,533.4643020022147,7051.431664438532
53,34,194.92992378623435,1496.6390137306853
53,35,390.72537084840707,4612.674474667941
53,36,1111.53437064574,14930.46396701425
53,37,937.0923088658263,12629.983374666981
53,38,1034.213173218822,15110.640404580081
53,39,1151.1169516546129,14778.21210465212
53,40,765.3005655495735,10532.791672350299
53,41,745.1741359418297,10838.106581897364
53,42,1010.545805057008,10990.464455849347
53,43,638.483442192772,9286.381659023837
53,44,494.093183800244,8093.597082624784
53,45,660.7154286578042,9470.303557490624
53,46,655.0743437912467,6032.590311408216
53,47,337.1599233203041,4353.232703839681
53,48,824.7826022402193,13278.213910092438
53,49,1374.6787768175964,19499.861607192703
53,50,946.6008602818015,14142.07079640528
53,51,1153.8845678773378,16409.57311653436
53,52,378.5135669065875,5868.319282477045
53,53,0,0.0
53,54,1026.9097423916376,15853.604411177914
53,55,895.1723901184326,13206.779294638749
53,56,789.5982103235973,11467.900885229885
53,57,779.0004022677538,9212.081809747118
53,58,608.2870321403864,7649.797550454141
53,59,438.208421386349,4488.334369307905
53,60,287.79889235907655,4467.429535648703
53,61,376.0623047354372,5509.4254061699385
53,62,571.6129175477048,8401.889246285722
53,63,1163.3005241582107,16786.774882239653
53,64,1151.1169516546129,14878.318404178846
53,65,230.55678412584018,2942.524984153296
53,66,746.1649887597264,8883.441515042874
53,67,1299.3429497128852,19029.206013915733
53,68,801.9591765321247,11476.85670533412
53,69,928.2252077410863,13369.47836847762
53,70,906.6556846234786,10420.039791608175
53,71,570.0067346474472,7538.343891817116
53,72,714.1035799138701,10554.83136569945
53,73,742.250119139795,9059.768949099802
53,74,516.9058085996238,5210.516581569001
53,75,653.6655838605759,7366.0098863153935
53,76,888.1333635489326,12486.541245008371
53,77,930.5685274455636,15341.422806915898
53,78,753.1527271657942,11463.904910871066
53,79,1115.349934208248,16118.380228745955
53,80,1411.2008674669862,19577.759037109012
53,81,899.1088637165328,12082.293607125283
53,82,485.9019625142048,4666.529558898444
53,83,1268.1683297831528,18481.226161302453
53,84,345.0499295378107,2619.159544471626
53,85,414.6187018597252,2461.529557549476
53,86,896.166873383821,14015.014312532963
53,87,845.1855662440443,12235.063560558458
53,88,462.0009226442031,6458.761887857721
53,89,815.316593671615,10984.153628348125
53,90,729.064904208227,9615.68216427456
53,91,454.45682904706655,3874.6391013597117
53,92,119.34839197508377,1312.9672082992008
53,93,762.3559391566157,8549.313854884347
53,94,323.2268798908615,4250.11979230823
53,95,359.28558942237424,2686.8510955193997
53,96,176.72463500003536,2179.4289981691913
53,97,1070.67776084462,16124.755099908118
53,98,705.5243006381362,8969.181736671904
53,99,342.94341436855996,4803.582991371332
53,100,1245.4354029099418,18143.887782994145
54,0,249.0981133949476,3771.43977808891
54,1,498.58276014112516,6261.303451117972
54,2,271.6669925284764,3225.5928826565855
54,3,875.881305620653,13705.991586603139
54,4,452.6042599770001,5729.43602629759
54,5,876.4129367249012,12999.352908801164
54,6,174.25609960097867,2005.4914899666333
54,7,644.6673613318917,10222.249307851156
54,8,783.6435777610675,7102.622858752838
54,9,155.63863483786753,1881.94745152546
54,10,739.3984415499174,12279.97383368541
54,11,804.7340713454441,13587.89689463014
54,12,32.74702633513898,118.25790141604415
54,13,625.5511327544597,10139.657558703117
54,14,236.62911262044122,3359.718008934363
54,15,828.2412356663558,12110.004386265759
54,16,363.4800114287847,3128.4276465591856
54,17,612.754012145748,8633.29626383626
54,18,429.93030142237234,4828.680093073119
54,19,610.1432055938336,11203.763033428751
54,20,439.4662963506068,8289.27726768735
54,21,581.4030767729842,7416.83922566028
54,22,801.7245986679613,10669.699566801242
54,23,645.2947709674817,9166.081164832682
54,24,377.80381786909487,6301.760630155398
54,25,241.52732430402756,3574.284309132976
54,26,329.5638580238627,5279.789129041826
54,27,650.3500013244363,8282.212693971973
54,28,688.6219916456885,11347.394426288853
54,29,231.58860388467247,2671.819889259396
54,30,646.8526695783225,8989.008932362329
54,31,634.4613083521006,9198.122340785842
54,32,615.3976934352264,10696.069873696602
54,33,599.656395398431,9358.32230796782
54,34,928.8600954656234,14375.477696007556
54,35,703.7108518651229,12185.000265951187
54,36,212.45192611787442,2402.9654441844646
54,37,476.0098643379613,5996.621019125369
54,38,179.43072869095644,2531.682166615815
54,39,555.4471233340012,5387.017171097627
54,40,684.7136954001778,8735.34749118585
54,41,496.7916914139647,6421.587054868737
54,42,585.043170812381,6035.846897214642
54,43,645.7009976649068,8311.87139155003
54,44,894.6046474856056,12215.418679662855
54,45,617.3329841299392,7217.853800474897
54,46,849.5045154706365,13442.679063579411
54,47,761.2572890756767,12534.514286423797
54,48,638.3001577123545,9867.632028304342
54,49,354.9291382137486,3782.4058950269846
54,50,314.29467102581367,4042.3920593803186
54,51,356.33492156447477,3785.8937035136137
54,52,917.71093266196,13007.789949134005
54,53,1059.9425483156547,15853.604411177914
54,54,0,0.0
54,55,575.4025617978227,7228.775744878838
54,56,405.82211715579604,4389.261534346962
54,57,461.9305739471433,8584.110564426624
54,58,785.6172038197757,12203.072493037846
54,59,825.8385930657385,11365.660939281595
54,60,798.034943047357,12832.53836048939
54,61,855.5596704908098,12549.339133428064
54,62,862.6043360926803,11134.401306879414
54,63,253.150885554362,3232.7620286954757
54,64,555.4471233340012,5201.373041545576
54,65,865.6541498812127,13912.57208157784
54,66,565.6951604391163,8319.49081555024
54,67,279.1933111090365,3203.8792354404077
54,68,709.4767320042591,8953.192852825812
54,69,261.2427632132214,2493.1433822551467
54,70,520.1583777651778,6538.732496900574
54,71,654.4041004028197,9011.295135442562
54,72,486.45136204886177,6469.569674374845
54,73,447.38029081918444,7807.412644452544
54,74,794.535980279013,13160.547912845588
54,75,673.9629496159487,8491.358539857903
54,76,316.0765221488936,4385.015097313296
54,77,533.3127447983986,8791.472104857774
54,78,828.2702826379289,9409.333126752623
54,79,220.57805448126575,3502.5760644518173
54,80,391.4512288631383,3796.2177442556276
54,81,586.5264191886675,7514.2717216829915
54,82,880.232134193594,13985.198384419775
54,83,248.41869117930472,2971.21026880092
54,84,910.7801012171997,14698.79632597155
54,85,1123.2488735391144,13392.46735950379
54,86,513.0844288559565,8631.936194285847
54,87,335.58293199941727,3751.4670383151197
54,88,886.6982883995756,12355.082140197763
54,89,435.0139594269879,5438.176734210707
54,90,735.3824596803615,9089.6419495113
54,91,751.0870007264554,12408.91490300194
54,92,954.5166989972132,14720.484307619941
54,93,581.8861108360056,8683.157655468725
54,94,767.0242456462342,12482.323020650574
54,95,939.5157611017635,13607.84743770383
54,96,1038.2220007554079,14936.524787109369
54,97,160.5281222407713,2582.8089650433317
54,98,790.8418561102707,9215.924403475445
54,99,762.4407801239325,12290.292457178915
54,100,225.68576430609386,2807.173710748486
55,0,706.5405714049807,7276.92942143134
55,1,485.84540786792064,5759.804410791876
55,2,685.709450538509,10385.569599098493
55,3,863.1439533474485,13212.017305024447
55,4,745.4467179870334,9867.314240762265
55,5,618.1755844516963,6339.238599677287
55,6,698.2985576110117,8935.888811911302
55,7,1059.209819341925,14648.77298837132
55,8,770.9062254878631,8143.82437414471
55,9,482.20128256466296,5446.139192526171
55,10,726.6610892767128,11664.239461068171
55,11,546.4967190722392,7268.434587015976
55,12,539.6096740619345,7344.108522417608
55,13,1040.0935907644932,15075.633338988144
55,14,650.6715706304743,10333.172961098728
55,15,716.9038833931513,9569.519818178886
55,16,666.122469438818,7530.319535412546
55,17,379.73029400761726,5328.4575766478165
55,18,417.1929491491678,4188.161190454801
55,19,498.8058533206292,6573.450968768505
55,20,328.12894407740225,3633.672643880999
55,21,871.2455347830174,11411.517857647133
55,22,623.1872463947565,9042.163769286926
55,23,632.5574186942771,9849.340660295324
55,24,792.346275879128,11898.86620906331
55,25,656.0697823140608,9021.20123560089
55,26,744.1063160338957,10817.128672020575
55,27,623.4126490512315,7705.3030326382095
55,28,577.284639372484,7214.581865899734
55,29,645.6310618947052,9467.953342926327
55,30,373.31531730511756,3686.1402306970926
55,31,621.723956078896,9712.434645964106
55,32,504.0603411620219,5604.1686055936425
55,33,586.9190431252264,9515.498102174919
55,34,817.522743192419,12019.27791147114
55,35,592.3734995919184,8621.44928806744
55,36,626.9943841279078,8653.859467316848
55,37,792.6523223479946,10412.118602194761
55,38,593.9731867009895,8901.59755219588
55,39,448.32689001603524,2323.47051634199
55,40,818.3561534102105,11740.811465223655
55,41,657.9341494239976,9360.938605499627
55,42,476.80581853917636,3248.8931983153807
55,43,661.9434556749399,10329.353714175659
55,44,881.867295212401,13731.8913736562
55,45,584.4754421399721,8957.064751223472
55,46,734.1671631974317,8460.281314155036
55,47,748.5199368024721,11791.59007377675
55,48,1052.8426157223878,14271.267810996404
55,49,824.7715962237817,9093.728709069981
55,50,286.3936796879856,3194.6229699445034
55,51,451.0945062387603,4724.423889350634
55,52,904.9735803887554,13299.103522750373
55,53,992.4051960424499,13206.779294638749
55,54,530.8025617978224,7228.775744878838
55,55,0,0.0
55,56,497.7582238057655,6129.719689171084
55,57,350.59322167393873,3998.2443919712396
55,58,600.4798515465707,6708.413197390229
55,59,673.2012407925336,9456.61363656974
55,60,785.2975907741525,12258.909248920341
55,61,842.8223182176052,12599.75883877533
55,62,849.8669838194758,12848.224929375336
55,63,667.193343564395,10281.70371551299
55,64,448.32689001603524,2523.3956520844986
55,65,852.9167976080081,12585.219109908228
55,66,334.30352566438296,4418.119564829023
55,67,803.2357691190695,9690.459161337567
55,68,903.3066431889911,12531.75244108135
55,69,526.2852212232542,6367.302658291751
55,70,346.02102549197303,3531.7209096645533
55,71,641.6667481296151,9531.228398905121
55,72,626.863593396038,9121.065441708688
55,73,313.8429385459796,4446.4601175446805
55,74,683.1986280058085,8682.312995578593
55,75,638.5255973427438,7565.981902093897
55,76,349.2261829551164,3520.782762197741
55,77,947.3552028084317,14301.13364390074
55,78,938.8127406479618,12946.811124632024
55,79,634.6205124912985,10264.137460599199
55,80,861.2936868731714,9332.89851451524
55,81,882.968877198701,11532.7711009984
55,82,768.8947819203895,9545.748954322304
55,83,718.2611491893377,8008.02706897646
55,84,799.4427489439952,11091.102020825732
55,85,1015.2115212659098,11045.878536780418
55,86,927.6268868659897,13577.262268736571
55,87,418.1455797262125,5120.115905669808
55,88,873.960936126371,12960.081235839809
55,89,412.77660715378323,4084.0309206644
55,90,789.0249176903944,11492.042310399896
55,91,639.7496484532509,9339.842720680934
55,92,843.1793467240087,12520.050473879528
55,93,364.1487585628007,4705.460794264053
55,94,754.2868933730297,11635.743269785555
55,95,828.178408828559,11975.530913795945
55,96,1016.6846484822028,13324.056374732398
55,97,574.5705802508044,9501.427806679534
55,98,766.5843141203035,11164.19509902574
55,99,749.703427850728,11810.225719917042
55,100,695.5282223161269,7576.5439938332465
56,0,610.5399370461919,7496.253331764645
56,1,229.93842214906812,2001.2876137877092
56,2,521.7088161797209,6202.063808561928
56,3,607.536967628596,9481.355389425122
56,4,341.24608362824443,3749.3110775160667
56,5,817.4685987328442,10177.380018761556
56,6,535.697923252223,6293.259735134632
56,7,743.009184983136,8530.969926747068
56,8,515.2992397690105,2938.3524283162315
56,9,352.9006482058741,4265.766516128428
56,10,471.0541035578603,7997.314957581316
56,11,745.7897333533871,10434.784877665832
56,12,410.30903970314563,4430.077459866103
56,13,760.192956405704,8949.001292984929
56,14,486.6709362716857,5765.021481073808
56,15,657.296897674299,7752.013870792768
56,16,253.72183508002894,2068.4382493573175
56,17,547.609674153691,4737.362930996328
56,18,274.38596343031537,1955.4537202395416
56,19,551.1988676017769,7404.577536031773
56,20,380.52195835854985,5106.385546371543
56,21,468.74490042422866,5291.397838258089
56,22,523.7574360714277,6281.167996623874
56,23,376.95043297542463,5059.517500450741
56,24,512.445641520339,5991.146214760604
56,25,302.9691479552718,3493.543236069719
56,26,443.90480619117045,4983.501422106027
56,27,382.00566333237924,3895.933591806897
56,28,629.6776536536318,7356.625706209778
56,29,481.6304275359168,4889.282945995365
56,30,587.9083315862656,5917.875719162116
56,31,366.1169703600435,5041.720768475265
56,32,556.4533554431695,7161.106142214912
56,33,331.3120574063739,5118.065312711621
56,34,696.6157574735665,9987.320760040446
56,35,644.7665138730662,7983.266675861683
56,36,385.6937497691188,3864.3831188653826
56,37,388.45168798920565,4305.092966063274
56,38,371.2725523422007,4102.1944655647285
56,39,640.3027853419441,5713.996299339898
56,40,487.0491676913582,5828.814445340012
56,41,299.1271637051453,3326.40330544063
56,42,474.6988328203241,3221.915532312901
56,43,404.13646995608764,4733.650417510058
56,44,626.2603094935486,8598.416819220625
56,45,316.96845642111975,3382.889956085388
56,46,790.5601774785796,9591.542033449756
56,47,492.91295108361976,8237.478598719004
56,48,714.0730301517099,8152.2355616897285
56,49,716.370961864993,8100.458833521168
56,50,353.2930453291969,4232.188637819755
56,51,536.1767529247327,5977.732738263277
56,52,649.3665946699028,8958.746242601263
56,53,791.5982103235976,11467.900885229885
56,54,409.4221171557958,4389.261534346962
56,55,499.45822380576544,6129.719689171084
56,56,0,0.0
56,57,402.98623595508633,5264.41476090644
56,58,726.6728658277187,8680.063352536885
56,59,557.4942550736813,6979.580249345702
56,60,529.6906050553001,8571.344581160625
56,61,587.2153324987528,8418.128489179737
56,62,594.2599981006233,7565.359918783582
56,63,503.1927092056065,5856.596699786219
56,64,640.3027853419441,5657.517669644568
56,65,597.3098118891556,9565.427576820328
56,66,500.5508224470592,4756.277573641128
56,67,640.6351347602807,7563.163663673243
56,68,583.0996574701388,6498.840411518784
56,69,175.28458686446567,1901.6619186268006
56,70,398.41403977312075,3400.9158265688966
56,71,386.05976241076274,4844.438809879632
56,72,297.15660767718566,3149.5201233263997
56,73,388.4359528271275,4169.430815711388
56,74,735.5916422869562,9149.618802676323
56,75,405.61861162389175,4102.981059665815
56,76,302.03853551690025,2741.443889109443
56,77,711.2545684496429,8261.870172410347
56,78,630.6057549291094,6935.384842137002
56,79,452.4093133316263,5424.884532668665
56,80,752.8930525143827,8151.451724372332
56,81,480.7682428399121,5412.66352216091
56,82,821.2877962015373,9920.090964571955
56,83,609.860514830549,7145.925578069944
56,84,836.0357632251431,10419.675314620366
56,85,854.9045355470573,9007.736614657559
56,86,636.9540741481732,7461.750869320297
56,87,134.84494536742386,1257.9351937123581
56,88,618.3539504075186,8382.166973047939
56,89,279.46962143493096,2258.0869970437125
56,90,494.91793197154226,5794.308845260363
56,91,692.1426627343986,8106.801260571548
56,92,722.2723610051563,10331.486085201737
56,93,516.7417728439486,5049.240143008751
56,94,498.67990765417716,8168.716865552805
56,95,693.4714231097065,9232.777192754034
56,96,769.8776627633512,10574.858436092889
56,97,410.5699458920156,5070.886435905608
56,98,510.97732840145073,5663.383894569141
56,99,494.09644213187556,8032.06931911926
56,100,587.1275879573382,6857.960663332001
57,0,842.2090230174429,10137.380279850518
57,1,556.2138594803823,3664.7939659938716
57,2,756.977902150971,11195.02726887698
57,3,619.4124049599102,9465.960572280615
57,4,837.3151695994952,8621.381807287811
57,5,473.2440360641582,4942.315323626046
57,6,769.5670092234737,10573.83869572975
57,7,1130.4782709543867,12811.871330829736
57,8,862.7746771003249,5743.003317186225
57,9,553.4697341771249,7341.25457073308
57,10,625.9295408891749,7966.3961772846005
57,11,401.5651706847012,5182.714294475387
57,12,610.8781256743965,8674.375287409399
57,13,1111.362042376955,13498.86150872883
57,14,721.9400222429363,10874.971504791796
57,15,425.07233500561335,5590.016582316075
57,16,743.1909210512792,7288.907926082042
57,17,356.58511148500514,1552.854282246306
57,18,509.0614007616295,3818.34115242731
57,19,206.974304933091,2825.896523852289
57,20,22.464277596571915,384.8968442986716
57,21,963.1139863954791,9755.770409285855
57,22,579.2556980072185,5260.814141843506
57,23,724.425870306739,6833.826625744138
57,24,863.61472749159,11114.131090885994
57,25,727.3382339265228,8756.329796986449
57,26,815.3747676463577,10176.576048256273
57,27,626.9811006636934,4584.747200889053
57,28,285.4530909849457,3305.792056522488
57,29,716.8995135071672,9971.026902305659
57,30,264.3004523624366,792.9980176364962
57,31,713.5924076913578,6645.840969503759
57,32,212.22879277448365,2124.3624707028744
57,33,678.7874947376882,6326.666669734439
57,34,525.6911948048811,8025.163777329604
57,35,300.54195120438055,4648.300760572718
57,36,698.2628357403697,8970.699813316562
57,37,884.5207739604565,9190.828440637799
57,38,665.2416383134514,9223.503090313006
57,39,726.2782226732585,5705.104871531228
57,40,910.224605022672,9508.364374499832
57,41,749.8026010364592,7598.266718331458
57,42,623.4742701516384,2552.568035411291
57,43,753.8119072874014,7854.123626968291
57,44,799.6216488948736,10598.965500458691
57,45,676.3438937524337,6670.78900774727
57,46,446.3356148098934,4997.090820189697
57,47,631.6883884149341,8052.527986874578
57,48,1124.1110673348496,12458.582699729614
57,49,949.8400478362436,11564.575038162331
57,50,521.7621313004475,5473.526474518965
57,51,729.0458388959835,7692.25074750281
57,52,684.0420320012172,9765.933378384216
57,53,700.573647654912,9212.081809747118
57,54,602.0710134102844,8584.110564426624
57,55,470.33366113707933,3998.2443919712396
57,56,589.6266754182273,5264.41476090644
57,57,0,0.0
57,58,382.4483031590327,3619.007297922744
57,59,511.96969240499544,5576.490041310005
57,60,627.3273574537066,8538.171454682823
57,61,681.590769830067,9036.073570440181
57,62,877.1413826423344,9874.226444897065
57,63,738.461795176857,10922.962649176223
57,64,726.2782226732585,5836.735632875139
57,65,562.48524922047,8690.021594458416
57,66,358.8262597783733,703.6771060250285
57,67,874.5042207315315,11650.354601486762
57,68,995.1750948014529,10477.904627467318
57,69,597.5536728357162,6619.795270996636
57,70,481.81695564212487,2055.4403663740623
57,71,733.535199742077,6501.0390799609495
57,72,718.7320450084997,7273.581285428504
57,73,317.41139015844146,1210.2619470933982
57,74,391.36707961827005,4958.741779105401
57,75,642.0940489552057,4309.954821548668
57,76,463.2946345675784,4254.250759137283
57,77,1018.6236544208937,13166.124415394866
57,78,1030.6811922604238,10817.297469669296
57,79,705.8889641037605,10602.728444385222
57,80,986.3621384856333,11732.340040195557
57,81,974.8373288111626,9868.90481852167
57,82,477.06323353285126,5834.51317245951
57,83,843.3296008017996,10455.285896573447
57,84,507.61120055645733,7175.087707027873
57,85,723.3799728783717,7059.843882827068
57,86,998.8953384784517,12157.565190167232
57,87,489.4140313386744,5045.408625728531
57,88,767.5293877388328,9551.907470105398
57,89,514.145058766245,3237.5076629784226
57,90,880.8933693028563,9000.386968411272
57,91,347.9181000657129,5342.206444364093
57,92,551.3477983364708,8529.70470206787
57,93,375.0172101752627,787.0311668792694
57,94,593.9553449854916,7878.97348612693
57,95,536.3468604410209,8048.925367718809
57,96,724.853100094665,9373.203271599978
57,97,645.8390318632663,10108.061295366919
57,98,858.4527657327653,8507.405942645799
57,99,648.37187946319,8140.957130082368
57,100,820.5966739285888,10049.401844100756
58,0,1016.2552134269337,13579.989306182064
58,1,602.060049889874,6828.254692356247
58,2,931.024092560462,14759.697641853121
58,3,600.7585953694019,9588.633391090707
58,4,1002.9613600089872,11651.328741166015
58,5,347.30209463404447,2786.2926837898253
58,6,943.6131996329647,14192.286543809021
58,7,1120.524461363878,15264.78940330173
58,8,862.820867509816,8341.328245868888
58,9,727.5159245866157,10924.317755672393
58,10,607.2757312986663,8394.319706784356
58,11,275.6232292545874,2140.6928968215752
58,12,784.9243160838874,12293.10200072635
58,13,1101.708232786446,16106.54076000311
58,14,895.9862126524273,14401.708856614332
58,15,406.21852541510486,5151.761789397778
58,16,917.2371114607711,10744.825418627552
58,17,352.5313018944967,4012.624712006134
58,18,664.2075911711212,7418.682737657134
58,19,381.0204953425824,1594.8060982866866
58,20,485.54358609935565,3926.2760361903047
58,21,1128.760176804971,12488.462982789937
58,22,560.40188841671,5940.2936315663665
58,23,792.2720607162306,8651.657752299487
58,24,1037.6609179010811,14239.005052001568
58,25,901.3844243360138,12149.974695580953
58,26,989.4209580558487,13394.237960671922
58,27,647.3272910731849,6703.625683277752
58,28,200.2992813944372,2307.2611603851433
58,29,890.9457039166582,13504.94691295394
58,30,410.92995932707106,3319.875912152216
58,31,781.4385981008495,8426.557941906249
58,32,266.0749831839751,1528.1052019705864
58,33,764.8389575063363,7992.303065362064
58,34,507.03738521437265,6949.385094877344
58,35,250.03283227654487,3483.3816220509784
58,36,872.3090261498608,12490.973741707496
58,37,1050.1669643699486,12199.77899693193
58,38,839.2878287229424,12739.326279765999
58,39,900.3244130827504,8851.552406324556
58,40,1032.1752210536947,11839.37032221835
58,41,915.4487914459512,10421.798600751512
58,42,703.3204605611297,6170.209349871186
58,43,869.8580976968934,10120.99752907866
58,44,780.9678393043653,11853.46762358382
58,45,841.9900841619257,9231.652442641489
58,46,233.181805219385,1847.928123553956
58,47,613.0345788244258,8352.297753705874
58,48,1111.6572577443405,14944.613110239932
58,49,1123.8862382457344,15111.890711803657
58,50,695.8083217099392,8941.532093901029
58,51,903.0920293054754,11062.680730826747
58,52,665.3882224107089,10391.760264877388
58,53,681.9198380644035,7649.797550454141
58,54,776.1172038197753,12203.072493037846
58,55,599.0798515465708,6708.413197390229
58,56,755.2728658277191,8680.063352536885
58,57,508.0078636958921,3619.007297922744
58,58,0,0.0
58,59,493.11588281448695,5803.208493968471
58,60,608.6735478631983,8832.118436083436
58,61,662.9369602395586,9667.040460740849
58,62,858.4875730518261,11405.780354483468
58,63,912.507985586348,14465.811414121797
58,64,900.3244130827504,9018.663146778883
58,65,543.8314396299616,8339.973204868822
58,66,354.7724501878649,3957.167894098064
58,67,1048.5504111410226,15258.92527846532
58,68,1088.8338320362463,12886.763987214741
58,69,771.5998632452081,10187.270950020282
58,70,527.6631460516164,5668.862073303767
58,71,801.3813901515687,8351.204235282705
58,72,884.3782354179916,10074.477957269535
58,73,418.8611233437355,4528.641658315858
58,74,246.61998909407993,2449.016996742415
58,75,663.0402393646973,6323.97710527645
58,76,637.3408249770703,7861.682723150527
58,77,1192.6698448303848,16050.855607160165
58,78,1040.0273826699158,13145.046732208155
58,79,879.9351545132515,14094.904643048105
58,80,1160.4083288951242,15292.867945393033
58,81,1130.4835192206544,12589.668874310768
58,82,346.4094239423428,3158.8352347767377
58,83,1017.3757912112904,13998.13999216259
58,84,470.9573909659488,5104.273677329782
58,85,704.7261632878633,6255.455778182287
58,86,1172.9415288879425,14916.319684247741
58,87,663.4602217481662,8624.17868093017
58,88,748.8755781483245,10445.127261602282
58,89,635.6912491757366,6824.131024846694
58,90,988.0395597123478,11142.029834529741
58,91,329.0642904752044,4430.189617125874
58,92,532.6939887459623,7477.518528667558
58,93,370.96340058475425,3636.3228747375774
58,94,575.301535394983,8147.93005551464
58,95,517.6930508505125,7606.996567622786
58,96,706.1992905041568,8638.795249711124
58,97,819.8852222727573,13656.525205262149
58,98,965.5989561422568,10531.414397185059
58,99,629.7180698726817,8622.45092307856
58,100,994.6428643380796,13583.744362925567
59,0,1074.376602672896,14152.9575338491
59,1,448.81361419513314,5180.912841016003
59,2,970.3454818064255,12822.897990274321
59,3,356.6799846153643,3964.7938139125827
59,4,655.2827492549493,8130.32813346566
59,5,690.4116157196123,8550.09183634604
59,6,1001.734588878927,13264.421056865844
59,7,887.4458506098405,10364.333969386964
59,8,396.3422567557789,4743.852249765533
59,9,785.637313832578,10934.40716598482
59,10,274.4971205446287,2610.3683501066744
59,11,618.7327503401552,7894.474658806783
59,12,843.0457053298497,11408.914566337808
59,13,887.6296220324078,11373.717567830083
59,14,935.3076018983908,12234.237181889474
59,15,123.7399146610675,1070.691505662355
59,16,711.6585007067339,8703.916228871296
59,17,295.7663252755334,4129.055738691658
59,18,575.1289804170838,7131.09547684692
59,19,552.3418845885453,4334.275406080978
59,20,506.86497534531816,5891.969175804204
59,21,663.5839192161641,8243.157056290856
59,22,63.23262811749256,717.4839477254634
59,23,325.793449962193,3707.7956667800827
59,24,867.9823071470437,10631.354390062515
59,25,725.2058135819768,9617.157938509059
59,26,812.4423473018118,10122.104120076456
59,27,269.1049790799083,3129.4537333150956
59,28,325.9206706403999,3509.0313692150803
59,29,946.8670931626215,11473.865320633244
59,30,590.6513485730337,6178.32522644773
59,31,314.9599873468119,3493.444389643328
59,32,491.39637242993757,5182.449975033578
59,33,298.36034675229877,3036.8506340123554
59,34,290.458774460335,3013.1783492109516
59,35,246.00953085983468,2554.1167149542875
59,36,876.430415395824,10498.78267049991
59,37,701.9883536159102,8549.044724971067
59,38,799.1092179689058,10689.423137928205
59,39,941.0458023287132,10690.248519408671
59,40,565.6966102996573,7041.507269945817
59,41,510.0701806919137,6674.5479419434905
59,42,708.8740248663889,6796.91157660349
59,43,403.379486942856,5476.568698100672
59,44,566.8892285503277,6130.473957350168
59,45,425.6114734078883,5270.670685155027
59,46,559.9031944653478,5171.1921095005355
59,47,296.35596807038814,2609.050962377907
59,48,836.0096957784147,10105.971634780763
59,49,1182.0076274916964,15025.14680261194
59,50,736.5297109559019,9866.28829161034
59,51,943.8134185514382,12102.677386377143
59,52,438.70961165667137,4595.967443877646
59,53,467.4412273103659,4488.334369307905
59,54,834.2385930657376,11365.660939281595
59,55,674.1012407925333,9456.61363656974
59,56,554.4942550736814,6979.580249345702
59,57,529.3292529418546,5576.490041310005
59,58,496.01588281448704,5803.208493968471
59,59,0,0.0
59,60,330.9336220420684,3102.3252633334732
59,61,382.0583494855211,3866.3638286333385
59,62,582.4030150873917,5842.387120102841
59,63,951.8293748323115,12395.766759945407
59,64,941.0458023287132,10762.866752382652
59,65,313.65282887592406,3128.7185864535913
59,66,340.79383943382743,5049.469163112875
59,67,1106.6718003869848,14541.389521245861
59,68,635.8426744569072,8091.823537492321
59,69,693.1212524911703,8881.182528953095
59,70,548.984535297579,6263.34834232322
59,71,334.9027793975311,3533.2283273831154
59,72,478.99962466395414,6356.744243535263
59,73,440.18251258969804,5037.923279286344
59,74,429.43465927372426,4229.841030832608
59,75,249.70522120609442,2878.53313427974
59,76,678.062214223033,8152.367834412104
59,77,885.9645721956475,11780.201638515853
59,78,671.3487719158779,8221.834944210648
59,79,880.2459789583315,11763.036463964423
59,80,1218.5297181410863,15097.588314116252
59,81,664.0049084666169,8311.441851808477
59,82,413.2308131883052,4513.624644496855
59,83,1075.4971804572526,14018.061794485804
59,84,341.3787802119115,3911.6946378946036
59,85,480.6475525338258,2028.8780452052788
59,86,801.8629181339053,10494.712889591307
59,87,610.0816109941286,7770.661113377482
59,88,459.4969673942868,4652.048578544066
59,89,580.2126384216994,6637.973157330036
59,90,521.5609489583106,6178.305868864976
59,91,185.385679721167,1871.97886807245
59,92,318.6153779919247,3392.548552791198
59,93,356.98478983071686,4803.725382231602
59,94,234.79210860866,2412.912225882219
59,95,265.6144400964748,2540.3365992109666
59,96,486.22067975011913,3919.7668924946224
59,97,859.2066115187208,11705.72511965488
59,98,499.1203453882193,5501.185639338058
59,99,297.53945911864395,2830.9979740133763
59,100,1052.7642535840416,13689.565397322802
60,0,1039.172952654515,16055.596024138371
60,1,495.5777891174554,7208.351012108096
60,2,935.1418317880442,13597.553807891016
60,3,127.97633459698308,961.3814896980629
60,4,620.079099236568,8343.834091594603
60,5,790.869280768323,11605.369515166683
60,6,966.5309388605459,14549.817673400685
60,7,691.4422005914593,8985.464239249945
60,8,361.1386067373977,5730.138814985934
60,9,750.433663814197,12809.190385160282
60,10,76.78815573461353,604.3991499933186
60,11,719.190415388866,10870.54687113516
60,12,807.8420553114687,12849.89789414674
60,13,672.625972014027,10108.205824392819
60,14,900.1039518800095,12916.804936217806
60,15,369.53626464268643,3703.891282314594
60,16,676.4548506883526,9831.05820229101
60,17,519.9626752571523,7016.7400644487425
60,18,539.9253303987026,9310.794026816464
60,19,642.3995496372559,7417.375670767709
60,20,632.9613253269367,8820.260194559676
60,21,628.3802691977827,7797.233362538294
60,22,293.5968030398148,3278.8806060806032
60,23,290.5897999438118,3737.0202677260577
60,24,832.7786571286625,10461.044302857681
60,25,690.0021635635956,10327.891698456246
60,26,777.2386972834305,10263.838391061221
60,27,344.4450303007664,4881.808930466846
60,28,415.97833568911085,6573.201988236065
60,29,911.6634431442402,12300.479302629157
60,30,679.1256970666018,9194.994947882466
60,31,279.7563373284307,3662.8374756139597
60,32,645.6540374786489,8284.572600794023
60,33,263.15669673391756,3474.7247951246018
60,34,303.71643950904587,3306.184493777313
60,35,378.9118865712186,5408.34287010513
60,36,841.2267653774427,11440.135975909414
60,37,666.7847035975291,8592.78191816866
60,38,763.9055679505245,11578.05991997096
60,39,905.8421523103319,13206.247473369878
60,40,502.4929602812763,6183.877047231671
60,41,474.8665306735325,6976.327284370696
60,42,740.2381997887112,9321.656571518884
60,43,368.1758369244747,5178.846149374659
60,44,329.4996764619358,3722.945310829431
60,45,390.4078233895071,5761.030219776975
60,46,643.2608595140583,7941.079769055448
60,47,53.35231805200687,494.33526343331744
60,48,682.5749969719217,8819.091164135862
60,49,1146.8039774733154,16608.200760223026
60,50,701.3260609375207,12160.76337850484
60,51,908.6097685330569,14286.59081298976
60,52,152.90596163829008,1662.6278454921282
60,53,299.39889235907657,4467.429535648703
60,54,799.0349430473566,12832.53836048939
60,55,764.9975907741529,12258.909248920341
60,56,519.2906050553003,8571.344581160625
60,57,655.4256029234732,8538.171454682823
60,58,596.4735478631978,8832.118436083436
60,59,304.93362204206846,3102.3252633334732
60,60,0,0.0
60,61,106.15469946713978,1085.3658369949264
60,62,338.7053122794074,3935.4652985435814
60,63,916.6257248139302,13123.978975483767
60,64,905.8421523103319,13247.877083128347
60,65,139.8104939246349,1540.1967419136847
60,66,564.9901894154465,7945.807741447065
60,67,1071.4681503686038,15855.353596166633
60,68,590.9515712638272,7072.003962523914
60,69,657.9176024727891,10375.544899770552
60,70,669.580885279198,8856.401224039755
60,71,299.6991293791499,3838.9226973032987
60,72,443.7959746455729,6757.853034739022
60,73,566.2788625713167,7818.662342800253
60,74,505.0923243224352,6956.6655327486105
60,75,383.3579785922788,4865.9226405516465
60,76,642.8585642046518,10400.048251423876
60,77,788.3609221772667,10942.83064425088
60,78,542.1451218974967,7026.721096297308
60,79,845.0423289399503,12383.650827137217
60,80,1183.3260681227052,16628.46497142937
60,81,628.8012584482356,7823.015711724274
60,82,474.0884782370163,6976.428170094343
60,83,1040.2935304388716,15698.121080028537
60,84,418.93644526062235,5581.6605608175205
60,85,402.8052175825367,3114.8592038875345
60,86,738.6592681155242,9616.153596316652
60,87,574.8779609757474,9627.526554857835
60,88,194.59331737590568,2057.954533581932
60,89,545.0089884033182,8932.29583699121
60,90,458.3572989399295,5276.361565875652
60,91,413.38202970278576,4511.112760117339
60,92,283.3349076978953,3195.192355613772
60,93,581.1811398123358,7751.937216610352
60,94,90.01927462256425,690.3985893197967
60,95,334.8721051451858,1893.0513477953032
60,96,277.6783447988301,2538.8807416809514
60,97,824.0029615003396,12559.155252021383
60,98,435.9166953698382,4674.120948085408
60,99,55.1358091002627,542.2461670156459
60,100,1017.5606035656608,15423.906945424202
61,0,1129.6845017922235,15909.602674576941
61,1,586.0893382551641,7270.323760557382
61,2,1023.9533809257528,13069.983798385458
61,3,160.58788373469187,1344.7045971765551
61,4,683.7906483742768,7734.586602317444
61,5,867.2195148389397,12415.944833896887
61,6,1057.0424879982545,14182.195736120344
61,7,647.7669280349119,7975.5809106023
61,8,451.65015587510646,5495.353742844654
61,9,840.9452129519055,12683.63784169928
61,10,135.50501966395623,1295.197980068598
61,11,795.5406494594827,11743.89186790057
61,12,898.3536044491773,12557.006569351051
61,13,628.9506994574797,9108.932646372265
61,14,988.915501017718,12368.10331256862
61,15,459.9478137803951,4617.29238169623
61,16,766.9663998260613,9478.433716319372
61,17,609.1742243948607,7488.152571508071
61,18,630.4368795364113,9372.055905436027
61,19,718.7497837078723,8194.552783787247
61,20,722.1728744646454,9287.98099487734
61,21,627.4918183354918,7013.385980003474
61,22,378.10835217752356,3871.898558474028
61,23,311.41008284558785,3387.5706523848444
61,24,863.5004245640079,9700.244452857763
61,25,778.8137127013041,9826.896499201492
61,26,840.9502464211392,9591.976697966798
61,27,434.95657943847516,4989.438043716513
61,28,492.32856975972743,7375.341164274568
61,29,1000.4749922819487,11804.910033686185
61,30,755.4759311372183,9735.694369196233
61,31,324.1678864661395,3379.576633919518
61,32,722.0042715492654,9000.684876345596
61,33,316.0682458716263,3330.430039856888
61,34,380.0666735796626,4389.572955238238
61,35,455.26212064183517,6313.035600223243
61,36,930.0383145151512,10994.437164593019
61,37,710.3962527352378,7926.640255709377
61,38,852.7171170882331,11112.912517529789
61,39,996.3537014480407,13369.804013434874
61,40,469.1045094189851,5336.7975110755415
61,41,535.561880977129,6441.448103042444
61,42,830.7497489264199,9541.983093042589
61,43,411.7873860621835,4550.859299350968
61,44,229.92440390538846,2637.6151061135483
61,45,480.91937252721584,5354.030951531155
61,46,719.6110935846748,8890.587062206087
61,47,143.86386718971565,1425.169768603889
61,48,628.6997244153745,7826.4498989688955
61,49,1237.3155266110239,16331.433720705423
61,50,791.8376100752295,12225.761287976751
61,51,999.1213176707657,14277.733579785552
61,52,65.83068908174272,740.0068453787051
61,53,377.74912642969315,5509.4254061699385
61,54,889.5464921850652,12549.339133428064
61,55,855.5091399118617,12599.75883877533
61,56,609.8021541930088,8418.128489179737
61,57,744.6371520611818,9036.073570440181
61,58,672.8237819338144,9667.040460740849
61,59,376.94517117977705,3866.3638286333385
61,60,111.24152116139594,1085.3658369949264
61,61,0,0.0
61,62,234.93003972285985,2909.870210910569
61,63,1005.4372739516388,12587.079253414602
61,64,996.3537014480407,13394.772118870305
61,65,241.66072799525148,2566.907654550596
61,66,654.2017385531549,8404.016591233738
61,67,1161.979699506312,15486.122169667497
61,68,525.563120401536,6159.894691616825
61,69,748.4291516104978,10141.874659099614
61,70,758.7924344169065,9120.557246842098
61,71,331.2106785168587,3575.2251921257184
61,72,507.1075237832816,6264.701322905373
61,73,655.4904117090254,8206.864372424197
61,74,581.4425583930519,7912.056383917179
61,75,408.08094526612535,5058.040936910431
61,76,733.3701133423606,10469.585087812577
61,77,744.6856496207192,10018.023797909433
61,78,476.7566710352055,6075.97205096267
61,79,933.8538780776588,11822.343343180004
61,80,1273.8376172604137,16331.938612759772
61,81,627.9128075859446,7027.138834481263
61,82,550.4387123076331,7985.677588781704
61,83,1130.8050795765803,15465.696710164806
61,84,495.286679331239,6654.914253760823
61,85,479.1554516531534,4176.571434007903
61,86,705.2708172532331,8695.831421298279
61,87,665.3895101134561,9548.318137552098
61,88,90.8180448193583,972.660601185431
61,89,635.5205375410269,9052.542259008456
61,90,424.9688480776383,4454.507527610769
61,91,503.79357884049443,5453.249463960029
61,92,359.6851417685121,4259.178649677618
61,93,670.3926889500442,8250.97484790766
61,94,180.53082376027302,1622.345719751517
61,95,296.31612496603356,2977.53511374757
61,96,356.02857886944673,3480.565374641826
61,97,912.8145106380481,12068.81360739287
61,98,376.32824450754686,3911.2282777064665
61,99,109.0417991873877,1057.0951874607788
61,100,1108.0721527033693,15215.034035084016
62,0,1104.4423456998381,14762.126029748339
62,1,560.8471821627784,7108.403153185018
62,2,943.6112248333668,11025.929066335097
62,3,371.05167485270306,4182.611191031267
62,4,564.0484922818911,5677.848120951605
62,5,1039.6833059569508,14006.400948984281
62,6,1031.800331905869,12508.119562164558
62,7,449.4115936367825,5065.915595544651
62,8,426.4079997827208,4794.522923394248
62,9,815.70305685952,11676.749305230282
62,10,363.5688107819675,3871.7391461691063
62,11,968.0044405774937,13544.422420140538
62,12,873.1114483567917,11116.718770427784
62,13,534.8953650593504,6201.497357853582
62,14,908.5733449253321,10288.274150080135
62,15,657.3116048984064,6828.420474195821
62,16,741.7242437336757,8011.177940517072
62,17,776.732068302475,8367.083496231142
62,18,605.1947234440257,9025.926934810926
62,19,882.0076276154869,9828.723602638136
62,20,711.3307183722602,10030.874630545939
62,21,461.4496622431058,4526.362226853899
62,22,550.366196085138,5508.987106758414
62,23,273.6679267532023,3052.4328714565177
62,24,690.3582684716222,7180.986564891156
62,25,698.4715566089181,7948.054980960138
62,26,719.8080903287536,7286.426797793917
62,27,478.01442334608964,5302.837056740122
62,28,664.7923608777381,9119.721726885675
62,29,920.1328361895628,9870.479370822404
62,30,918.7170915999754,10650.408969346201
62,31,297.625730373754,3230.227162892027
62,32,887.2621154568797,10428.773040124377
62,33,337.4260897792408,3561.082719008306
62,34,552.5304646976738,7200.052086745085
62,35,627.7259117598459,8390.97275187788
62,36,849.6961584227653,9212.6807901609
62,37,574.4540966428523,5704.269345441151
62,38,772.3749609958471,9277.052978903363
62,39,971.1115453556552,13110.557254387173
62,40,296.4623533265993,2781.9075400135252
62,41,449.81972488474327,4713.099041987042
62,42,805.5075928340343,9609.894869402959
62,43,288.4452299697978,2867.9433572085104
62,44,117.06906950725906,1081.9290840208848
62,45,398.14982321534774,4182.651503098129
62,46,892.0748847026857,11002.897447900968
62,47,371.92765830772703,4117.038947273002
62,48,404.04439001724546,4923.249245845804
62,49,1212.0733705186383,14842.17051008459
62,50,766.5954539828439,11742.77552210825
62,51,973.8791615783801,13529.500690698525
62,52,245.7813018940102,2772.685365679432
62,53,557.3129175477044,8401.889246285722
62,54,864.3043360926796,11134.401306879414
62,55,830.2669838194761,12848.224929375336
62,56,584.5599981006234,7565.359918783582
62,57,733.7949959687967,9874.226444897065
62,58,845.2875730518253,11405.780354483468
62,59,584.1030150873916,5842.387120102841
62,60,339.30531227940736,3935.4652985435814
62,61,235.33003972285985,2909.870210910569
62,62,0,0.0
62,63,925.0951178592528,10530.923976699223
62,64,971.1115453556552,13089.804969961553
62,65,469.724519113263,5463.987740478374
62,66,821.7595824607691,9178.127765090037
62,67,1123.7375434139274,13781.717983940287
62,68,333.1209643091505,3391.0336357611573
62,69,723.1869955181122,8957.047811890448
62,70,729.2227997868309,9332.742311218055
62,71,304.66852242447317,3384.3948106289313
62,72,426.76536769089586,4682.3188887489105
62,73,719.2447128408376,8812.215430311931
62,74,753.9063495110628,10071.431481638265
62,75,516.927371637602,5564.423326840701
62,76,708.127957249975,10079.52797109416
62,77,601.8303152225899,7180.601477120086
62,78,284.3145149428199,3232.3564978328436
62,79,853.5117219852729,9724.87212746786
62,80,1248.5954611680281,14793.127893192186
62,81,461.87065149355874,4508.162661859937
62,82,722.902503425644,10321.547740619782
62,83,1105.5629234841947,14105.608535301872
62,84,667.7504704492504,9286.305520638916
62,85,651.6192427711646,6809.832973818957
62,86,517.9286611608476,5873.425579945052
62,87,640.1473540210706,8813.338412700987
62,88,178.46865763162577,2035.2626415024213
62,89,610.2783814486413,8886.379121544443
62,90,258.9266919852526,2100.8970499302354
62,91,691.4573699585058,7679.024826098751
62,92,532.1489328865233,7127.999378107863
62,93,837.9505328576585,9142.769863084757
62,94,408.59461487828435,4267.055844220539
62,95,612.2861303338137,5793.489263521781
62,96,535.5923699874581,6388.7012326043205
62,97,832.4723545456621,10140.131114699563
62,98,190.98608841516148,1935.0982805596698
62,99,337.10559030539906,3661.1858256005467
62,100,1082.8299966109837,13920.646906400094
63,0,516.2687054447582,6283.948982824751
63,1,634.3735419076979,7843.024417450321
63,2,111.83758457828696,495.6621088165805
63,3,1002.5720873872264,13875.950495883555
63,4,463.67485202681064,4886.838316961768
63,5,1012.203718491474,15656.127053651519
63,6,301.8266916507891,2779.8810078204096
63,7,637.3379533817022,8205.738366407764
63,8,857.8343595276406,7684.887671104437
63,9,418.82941660444027,5106.059909702647
63,10,866.0892233164907,12650.501938366104
63,11,940.5248531120169,16087.311214229236
63,12,306.34377328960466,3116.4334353009976
63,13,618.2217248042701,7823.919779137275
63,14,16.521772934051192,266.6028381456128
63,15,964.0320174329286,13306.190164889284
63,16,337.705875902779,3817.159586776342
63,17,748.5447939123208,10584.49728867894
63,18,565.7210831889452,7131.1425929526495
63,19,745.9339873604064,13250.208449913645
63,20,575.2570781171797,10692.496190110816
63,21,574.0736688227947,6137.995617151761
63,22,918.7925558300582,11678.45270388295
63,23,772.9942864981223,9405.637639097202
63,24,357.2744099189055,4045.676056623374
63,25,252.59791635383812,2813.4144096740038
63,26,322.23445007367326,3383.7923448891747
63,27,762.5407830910091,9292.77805561105
63,28,824.4127734122612,13211.147038285046
63,29,195.47502584233732,967.3541543032525
63,30,782.643451344895,11465.667631033999
63,31,761.1520901186739,9513.07527725075
63,32,751.1884752017992,12937.993046327207
63,33,726.3471771650043,9810.832466651107
63,34,1064.6508772321963,15291.460011101784
63,35,839.5016336316957,13764.3530826878
63,36,284.722518167685,1992.2228684494276
63,37,487.08045638777185,4830.943482841419
63,38,190.501320740767,1758.9343207237184
63,39,811.8379051005742,8588.95028492311
63,40,695.7842874499883,7802.91919210423
63,41,507.86228346377527,6154.634645338169
63,42,749.2339525789539,8498.837412062769
63,43,656.7715897147175,8042.618404494025
63,44,974.0954292521786,11581.98175943669
63,45,628.4035761797498,7396.002794057103
63,46,985.2952972372093,15447.003857222058
63,47,887.94807084225,12933.119890633487
63,48,630.9707497621649,7903.5660518718905
63,49,494.89973026355904,5221.640697102875
63,50,570.6854527923867,7159.196742258815
63,51,615.0055136142851,6973.978161196537
63,52,1037.8017144285334,12884.791299441955
63,53,1186.6333300822287,16786.774882239653
63,54,315.1508855543621,3232.7620286954757
63,55,711.1933435643955,10281.70371551299
63,56,510.79270920560657,5856.596699786219
63,57,597.7213557137162,10922.962649176223
63,58,921.4079855863484,14465.811414121797
63,59,952.5293748323118,12395.766759945407
63,60,924.7257248139304,13123.978975483767
63,61,982.2504522573831,12587.079253414602
63,62,921.5951178592535,10530.923976699223
63,63,0,0.0
63,64,811.8379051005742,8409.700416666838
63,65,992.344931647786,14431.689457749373
63,66,701.4859422056891,10509.251934144953
63,67,365.963903158847,3710.046891861058
63,68,702.1473240540697,7630.669119072722
63,69,366.21335526303193,4309.269556813092
63,70,678.5491595317507,8893.91861723928
63,71,761.5131621073122,9361.43291834274
63,72,497.5219540986723,6366.710482654981
63,73,583.1710725857571,9938.39998392066
63,74,930.3267620455857,14997.680007356583
63,75,778.953731382522,9600.819905523165
63,76,555.4673039154666,7069.12016923521
63,77,480.7833368482093,6238.440393686055
63,78,839.3408746877393,8037.237391097875
63,79,119.34864653107635,820.2494580622531
63,80,492.03426098789305,5036.850915227068
63,81,579.1970112384781,6195.39672233337
63,82,1016.0229159601668,15753.186797104287
63,83,454.18928322911523,5052.455564083317
63,84,1046.5708829837722,16098.056731641322
63,85,1249.9396553056877,14386.355234036526
63,86,505.7550209057671,6471.722255746091
63,87,476.8737137659902,5885.605319881693
63,88,978.1890701661488,12153.333998829352
63,89,570.8047411935607,7689.549224055507
63,90,746.4530517301722,8439.592312442062
63,91,886.8777824930281,13780.411071190476
63,92,1090.3074807637856,15545.169295101588
63,93,717.6768926025784,10833.20672818408
63,94,893.7150274128076,12932.350383038862
63,95,1075.3065428683362,14284.848592408178
63,96,1164.9127825219816,15495.22300260442
63,97,114.6987142905819,817.8920131045114
63,98,801.9124481600813,8793.469617195455
63,99,889.1315618905058,12598.993571582161
63,100,477.8563563559044,5152.107354700599
64,0,476.1851329411595,4753.535604834296
64,1,622.0899694040995,6139.91703336247
64,2,782.1540120746881,8426.95707913602
64,3,999.3885148836276,14208.306361657365
64,4,873.3912795232125,9098.684456958123
64,5,943.7201459878754,8859.665777699407
64,6,713.1431191471904,6676.447346264886
64,7,1155.6543808781041,13989.687280293268
64,8,907.1507870240421,8301.301171150255
64,9,427.4855308721793,3321.334976001741
64,10,862.905650812892,12643.494394492596
64,11,872.0412806084183,9759.083899316442
64,12,566.7542355981134,5319.60556970808
64,13,1136.5381523006724,14233.239858136501
64,14,747.1161321666534,8508.211959316859
64,15,975.34844492933,11090.429224844891
64,16,732.8670309749964,6401.187217037391
64,17,759.8612214087221,6808.059229079402
64,18,553.4375106853468,4081.4927677156224
64,19,757.2504148568078,8627.399805629651
64,20,586.5735056135811,5452.335477438097
64,21,1000.8900963191967,10789.523146034771
64,22,915.6089833264595,10229.070207410941
64,23,768.8019802304563,10286.589581797363
64,24,888.7908374153071,10712.846253507196
64,25,752.5143438502399,7734.277437379848
64,26,840.5508775700748,9610.58637096557
64,27,773.8572105874109,8409.49161700841
64,28,835.7292009086626,9140.394221592818
64,29,742.0756234308843,7714.134731467196
64,30,698.8598788412968,5781.300288212799
64,31,757.9685176150751,10199.147248337742
64,32,762.5049026982006,7757.380373033481
64,33,723.1636046614055,10113.267591145017
64,34,1075.9673047285976,13571.525255129633
64,35,850.818061128097,10429.713744029656
64,36,723.4389456640869,7064.734005097363
64,37,920.5968838841737,9584.475957156239
64,38,690.4177482371686,7288.32651995467
64,39,1,209.03207110442645
64,40,954.6007149463893,11483.829398165206
64,41,794.1787109601765,8967.133827505271
64,42,625.0503800753552,3969.2281984925253
64,43,798.1880172111187,10333.825509703978
64,44,1018.1118567485802,14074.098883878229
64,45,720.720003676151,8948.670347207124
64,46,996.6117247336107,10680.368474634266
64,47,884.7644983386513,12818.20208937711
64,48,1149.287177258567,13610.46039514951
64,49,630.7161577599603,6593.891227084483
64,50,342.1018802887879,1486.106481928386
64,51,267.72194881970034,2204.2066863056457
64,52,1041.2181419249348,14039.264821473143
64,53,1183.44975757863,14878.318404178846
64,54,557.9471233340013,5201.373041545576
64,55,447.32689001603507,2523.3956520844986
64,56,634.0027853419444,5657.517669644568
64,57,609.0377832101176,5836.735632875139
64,58,926.0244130827497,9018.663146778883
64,59,949.345802328713,10762.866752382652
64,60,921.5421523103316,13247.877083128347
64,61,979.0668797537844,13394.772118870305
64,62,986.1115453556549,13089.804969961553
64,63,763.6379051005741,8409.700416666838
64,64,0,0.0
64,65,989.1613591441873,13830.77149184092
64,66,659.8480872005622,6023.3606915112305
64,67,733.5691167890117,7298.17148739188
64,68,1039.5512047251702,12109.439956146725
64,69,587.2297827594332,5121.35792033341
64,70,554.3655870281518,4501.962649262128
64,71,777.9113096657943,10002.834169114603
64,72,763.108154932217,8805.91282335665
64,73,594.4875000821585,5820.169072381791
64,74,941.6431895419871,10769.293053262265
64,75,797.4701588789231,8384.602022923227
64,76,489.2707444912954,3010.422955411788
64,77,1043.7997643446108,13214.820597704327
64,78,1075.057302184141,12555.85468261032
64,79,731.0650740274776,8547.497360118125
64,80,681.6382484093501,6842.265774301613
64,81,1012.9134387348802,10908.504064310655
64,82,1027.339343456568,11645.2429166293
64,83,547.3057107255166,5523.6430891466125
64,84,1057.8873104801735,12993.598846052935
64,85,1246.756082802089,12563.620031486791
64,86,1024.071448402169,12693.393938378884
64,87,542.2901412623916,4417.965915633873
64,88,1010.2054976625502,13583.032863699045
64,89,558.5211686899623,4342.606025881343
64,90,925.2694792265736,11432.536429591213
64,91,898.1942099894295,11021.242054838054
64,92,1101.623908260187,14038.629984938038
64,93,689.6933200989799,6380.663826516915
64,94,890.5314549092088,12690.283413825871
64,95,1085.3229703647382,13298.441034255518
64,96,1161.729210018383,14682.060832021336
64,97,671.0151417869835,7691.261273506125
64,98,902.8288756564826,11244.468777769245
64,99,885.9479893869071,12750.465607325372
64,100,540.3707684709998,5093.444778848259
65,0,1124.5921594883705,16971.29175470106
65,1,580.9969959513109,7997.03174731582
65,2,1020.5610386218999,14895.86782125982
65,3,176.5955414308387,1566.2387146935762
65,4,705.4983060704237,9729.972526552448
65,5,678.4271725350865,11122.599337819827
65,6,1051.9501456944013,15702.315146790825
65,7,705.5614074253148,10521.68385747258
65,8,446.5578135712533,6865.239827106077
65,9,835.8528706480524,13723.838208525203
65,10,170.31267736010304,1826.660228766954
65,11,606.7483071556294,10256.73937778064
65,12,893.2612621453242,13939.429740427662
65,13,686.7451788478825,11646.687178469188
65,14,985.5231587138652,14234.763573893897
65,15,296.05547147654187,3266.4163256260354
65,16,761.8740575222082,11001.546309083376
65,17,607.6682479559336,7257.743765913613
65,18,625.3445372325582,10053.173533023184
65,19,529.9574414040195,7088.172185974656
65,20,632.2805321607922,9013.365745758127
65,21,713.7994760316384,9285.680130312137
65,22,317.41600987367036,3602.1212304266096
65,23,376.00900677766737,5034.854634510966
65,24,918.1978639625181,11930.235418650147
65,25,775.4213703974513,11620.975784552205
65,26,862.6579041172862,11680.965628827278
65,27,429.864237134622,5711.727614554397
65,28,303.5362274558742,6219.671157052304
65,29,997.0826499780959,13577.966203618014
65,30,566.6835888333651,9260.809596457542
65,31,365.17554416228626,4918.851128144001
65,32,533.2119292454121,8055.214483838906
65,33,348.57590356777314,4637.704485215156
65,34,191.2743312758094,1942.5788108743056
65,35,266.46977833798184,4858.576556903045
65,36,926.6459722112984,12680.208020558195
65,37,752.2039104313847,10013.946180093943
65,38,849.3247747843802,12833.891078210163
65,39,991.2613591441876,13767.723861624145
65,40,615.9121671151319,7702.238427521074
65,41,560.285737507388,8324.152235734033
65,42,825.6574066225667,9862.450065253404
65,43,453.59504375833035,6607.40882635305
65,44,366.0047853658022,5166.076339125168
65,45,475.82703022336267,7035.775694011396
65,46,530.818751280822,7180.897401495921
65,47,152.2715248858625,1534.4005482285331
65,48,696.6942038057773,10358.269126997939
65,49,1232.2231843071709,17661.48340605106
65,50,786.7452677713763,12858.86616579016
65,51,994.0289753669126,15055.121617020966
65,52,250.42516847214569,2964.7816007456136
65,53,286.15678412584003,2942.524984153296
65,54,884.4541498812121,13912.57208157784
65,55,770.9167976080076,12585.219109908228
65,56,604.7098118891557,9565.427576820328
65,57,654.7448097573287,8690.021594458416
65,58,484.03143962996126,8339.973204868822
65,59,305.85282887592405,3128.7185864535913
65,60,139.2104939246349,1540.1967419136847
65,61,237.97390630099537,2566.907654550596
65,62,443.524519113263,5463.987740478374
65,63,1002.0449316477859,14431.689457749373
65,64,991.2613591441876,13830.77149184092
65,65,0,0.0
65,66,608.5093962493019,8176.988840908168
65,67,1156.8873572024588,17003.742838446924
65,68,673.8707780976827,8605.925043348641
65,69,743.3368093066447,11427.065362656334
65,70,755.0000921130534,9347.781441948935
65,71,385.1183362130055,5071.489983879974
65,72,529.2151814794285,8078.87095420725
65,73,617.9945266293698,8160.199855013143
65,74,392.6502160891986,6203.561056632486
65,75,468.7771854261344,5598.686791419196
65,76,728.2777710385075,11114.814967663957
65,77,802.4801290111222,12477.041272126427
65,78,625.0643287313521,8566.162244530295
65,79,930.461535773806,13713.630623780413
65,80,1268.7452749565607,17701.874465729965
65,81,714.2204652820913,9316.796480015311
65,82,361.6463700037797,6050.7584987262635
65,83,1125.712737272727,16709.404046550942
65,84,306.49433702738577,4390.221101875397
65,85,290.3631093493002,2137.920714032821
65,86,768.0784749493796,11149.992300850554
65,87,660.297167809603,10526.320011784075
65,88,326.4125242097612,3519.9360112986483
65,89,630.4281952371738,9609.74773551602
65,90,571.7765057737851,6789.933268870653
65,91,330.20123653664143,3910.5082549894546
65,92,170.89279946465876,1713.353305415971
65,93,624.7003466461912,7924.020314885864
65,94,138.33848145641986,1503.534551929163
65,95,54.62712342675738,734.5535800894986
65,96,264.43623656559356,1065.6584957755313
65,97,909.4221683341952,13831.031378626572
65,98,549.3359022036939,6170.691518682132
65,99,158.1550159341183,1946.2198082715436
65,100,1102.979810399516,16411.616332433656
66,0,795.1788875447465,10124.313835832181
66,1,334.0380065092143,3043.606215081698
66,2,709.9477666782747,10802.943418816301
66,3,651.5365519887421,8883.908001064421
66,4,734.939316628327,7999.677966971626
66,5,496.9139005914619,5549.527919182996
66,6,722.5368737507774,10321.862526269595
66,7,1083.4481354816903,12127.355449156847
66,8,635.9988241291564,5052.692067204705
66,9,506.4395987044286,7202.602279267263
66,10,525.6536879180064,7365.4668835370785
66,11,425.23503521200485,5689.022649872274
66,12,563.8479902017002,8403.64150184424
66,13,1064.3319069042586,12827.81700836374
66,14,674.90988677024,10447.488942955626
66,15,420.59648203444544,5166.393874689449
66,16,655.5150680801116,6809.31998826796
66,17,47.622892648911304,930.132809136355
66,18,396.1855477904615,3496.0167163655683
66,19,361.29845196192286,2899.6996383502883
66,20,217.52154271869603,884.5777259638041
66,21,860.7381334243111,9091.374478942658
66,22,291.0798450360506,4680.595886557149
66,23,565.4500173355707,6134.770933356682
66,24,816.5845920188937,10519.548149116206
66,25,680.3080984538265,8246.440323893517
66,26,768.3446321736614,9604.727558753722
66,27,368.70524769252546,3884.1176343069756
66,28,342.0772380137777,3201.052763599304
66,29,669.8693780344709,9549.252845057896
66,30,252.05363344488316,1495.68758652579
66,31,554.6165547201896,5948.610928755272
66,32,285.25293980331554,2429.0768922608627
66,33,538.0169141256764,5635.882072729102
66,34,606.7153418337128,7634.141862548131
66,35,381.5660982332125,4410.06217996482
66,36,651.2327002676734,8537.24855673183
66,37,782.1449209892883,8566.669892302207
66,38,618.2115028407551,8786.684822487505
66,39,663.4480872005619,5911.2701576908785
66,40,805.3531776730349,8812.548350127156
66,41,647.4267480652912,6938.717211537803
66,42,435.2984171804702,2386.328124381816
66,43,643.0360543162337,7153.580978160589
66,44,854.0598938536947,9913.459529995498
66,45,573.9680407812657,5981.447226183157
66,46,422.55976183872554,5134.108836694029
66,47,547.5125354437657,7465.153693952045
66,48,1075.6662631517922,11775.998842304924
66,49,902.8099123635473,11452.861124822908
66,50,438.63199582775104,5487.145839642671
66,51,666.2157034232869,7747.407470181953
66,52,703.4661790300489,9129.364409117472
66,53,781.5977946837438,8883.441515042874
66,54,555.0408779375881,8319.49081555024
66,55,335.50352566438306,4418.119564829023
66,56,487.25082244705914,4756.277573641128
66,57,239.9858203152325,703.6771060250285
66,58,358.6724501878648,3957.167894098064
66,59,341.09383943382755,5049.469163112875
66,60,584.2901894154461,7945.807741447065
66,61,641.8149168588989,8404.016591233738
66,62,822.0595824607694,9178.127765090037
66,63,691.4316597041607,10509.251934144953
66,64,663.4480872005619,6023.3606915112305
66,65,608.5093962493017,8176.988840908168
66,66,0,0.0
66,67,827.4740852588352,11441.111706408621
66,68,875.4992418302847,9787.504603153957
66,69,517.4778198645485,6232.526761013343
66,70,259.6411026709569,1818.6253037704782
66,71,574.5593467709087,5801.892831636868
66,72,616.3561920373317,6609.822852316529
66,73,150.83907996307602,589.5948390839081
66,74,435.9979457134204,4958.792764533542
66,75,384.4181959840378,3615.4452225838113
66,76,394.06449909488185,4095.472378393795
66,77,971.5935189481974,12528.61494858422
66,78,911.0053392892555,10123.073029600288
66,79,658.8588286310642,10149.776303955676
66,80,939.332003012937,11604.65328634437
66,81,872.4614758399946,9203.413021676579
66,82,535.7873805616833,5822.670030427965
66,83,796.2994653291033,10352.768751378026
66,84,585.0353475852893,6987.690202114049
66,85,804.4041199072037,6646.805610228507
66,86,951.8652030057553,11501.00835656295
66,87,431.1381783675065,4675.90749341687
66,88,699.1535347676645,8893.875799367179
66,89,367.6692057950771,2890.7976828840824
66,90,761.2175163316881,8298.149458242757
66,91,425.34224709454486,5012.111471923607
66,92,632.3719453653026,8125.16345351767
66,93,32.04135720409474,380.80849859064404
66,94,517.5486759820378,7297.478307713566
66,95,595.6710074698528,7558.889207445378
66,96,781.0772471234973,8906.032850298383
66,97,598.80889639057,9699.475993495264
66,98,738.7769127615971,7803.753450762599
66,99,548.6960264920216,7532.168466995002
66,100,773.5665384558924,9957.831307868199
67,0,331.89991713319586,3366.336765655109
67,1,771.0159674623725,9463.044517097705
67,2,338.7800101329613,3291.7730407742415
67,3,1148.3145129419008,16696.09858833612
67,4,661.4172775814849,8130.518623435588
67,5,1148.8461440461485,15812.980899896655
67,6,128.5869636985957,1305.701272169206
67,7,852.0803789363764,11904.718824084719
67,8,1055.576785082315,10145.863123317687
67,9,411.9606282928781,4380.712929079193
67,10,1011.8316488711649,15322.370655338951
67,11,1077.1672786666913,16509.13769840909
67,12,270.3861988442789,3146.8176974474886
67,13,832.9641503589444,11531.674598013287
67,14,361.34213022492617,3973.461664871856
67,15,1100.6744429876032,15304.831815704598
67,16,592.3930290332693,6024.513125930423
67,17,885.1872194669952,11805.915893387417
67,18,702.3635087436196,7978.578862959524
67,19,882.5764129150808,14338.378146227657
67,20,711.8995036718542,11332.711529602291
67,21,790.2160943774694,9618.863444718216
67,22,1074.1578059892083,13839.668186874518
67,23,917.7279782887292,12137.95301255818
67,24,586.61683547358,7745.017213309079
67,25,450.3403419085125,5840.280566248033
67,26,538.3768756283476,6989.376533587199
67,27,922.7832086456839,11437.48980149952
67,28,961.0551989669357,14519.298656346868
67,29,460.50162148915734,4018.806517247608
67,30,919.2858768995694,11984.056453334624
67,31,906.8945156733481,12194.801428569728
67,32,887.8309007564736,13774.022574322791
67,33,872.0896027196785,12398.25605795296
67,34,1201.2933027868698,17545.31981999076
67,35,976.1440591863701,15384.934549785532
67,36,441.36494372235927,4569.183578738102
67,37,684.8228819424461,8224.438215545995
67,38,388.2437462954413,4512.606408010823
67,39,732.4691167890118,7506.363213864225
67,40,893.5267130046627,11173.09957188938
67,41,705.6047090184496,9135.930691901602
67,42,857.476378133628,9100.983349125805
67,43,854.5140152693918,11073.825992922895
67,44,1167.0378548068536,14858.349729955582
67,45,826.1460017344242,10134.133200794966
67,46,1121.9377227918837,16575.077126948436
67,47,1033.6904963969243,15586.530545705236
67,48,845.7131753168392,11594.929114938448
67,49,156.1309419519969,1641.508078337381
67,50,541.6166644808245,6582.768547198895
67,51,472.13672530272305,5234.373673431399
67,52,1190.144139983207,15887.471436083313
67,53,1332.375755636903,19029.206013915733
67,54,279.19331110903636,3203.8792354404077
67,55,823.224555252833,9690.459161337567
67,56,634.7351347602804,7563.163663673243
67,57,734.3637812683907,11650.354601486762
67,58,1058.050411141023,15258.92527846532
67,59,1098.2718003869857,14541.389521245861
67,60,1070.4681503686045,15855.353596166633
67,61,1127.9928778120568,15486.122169667497
67,62,1119.3375434139277,13781.717983940287
67,63,377.86390315884694,3710.046891861058
67,64,732.4691167890118,7298.17148739188
67,65,1138.0873572024602,17003.742838446924
67,66,838.1283677603635,11441.111706408621
67,67,0,0.0
67,68,916.8897496087437,11155.741882821507
67,69,490.15578081770605,5661.931015170891
67,70,792.5915850864247,9634.832467417158
67,71,926.8373077240673,12016.52054091383
67,72,695.2643796533467,9256.299672880345
67,73,719.8134981404315,10950.91842725352
67,74,1066.9691876002603,16329.688185047435
67,75,946.3961569371961,11663.202875761537
67,76,588.5097294701409,7397.705160440178
67,77,681.625762402884,9924.40493565364
67,78,1037.0833002424138,11585.145605601885
67,79,352.5910720857508,4476.121029941395
67,80,126.06547267633078,1391.0829318988517
67,81,795.3394367931528,9692.897191212582
67,82,1152.665341514841,17162.66044782729
67,83,220.92049491755301,2052.1532425775245
67,84,1183.213308538447,17902.58259265262
67,85,1395.6820808603618,16570.036946573175
67,86,720.4974464604411,10177.227012257568
67,87,608.0161393206644,6948.654278742679
67,88,1159.1314957208233,15197.788865633784
67,89,707.4471667482352,8587.76842386377
67,90,944.1954772848466,11685.756359141107
67,91,1023.5202080477026,15612.325679992302
67,92,1226.9499063184592,17877.365593475453
67,93,854.3193181572528,11811.87646020857
67,94,1039.4574529674817,15548.045599743524
67,95,1211.9489684230102,16733.336684908063
67,96,1310.655208076656,18041.502648481804
67,97,312.4411398452562,3759.3903343975694
67,98,999.6548737147557,11924.983516033459
67,99,1034.8739874451799,15314.622844458065
67,100,244.58756804434213,2401.255224148776
68,0,911.9945518946552,12719.979583206223
68,1,657.186841532294,6991.448186976869
68,2,693.9634310281839,8121.536419724025
68,3,602.8979338371231,7489.147095213008
68,4,276.78815165140674,3238.1752877491695
68,5,1244.61701811607,15182.840618562408
68,6,837.1525381006861,9957.573611676888
68,7,259.1637998315993,2378.3755071100745
68,8,528.7476591522362,4735.06081992058
68,9,708.6427162290363,9952.65375646733
68,10,579.1025229410861,6843.669338272432
68,11,1172.938152736613,14989.12587001712
68,12,702.0696197395018,8906.047328478811
68,13,345.1475712541674,3290.981745106158
68,14,685.8255511201488,7371.0589312683
68,15,765.3453170575248,9160.610747728895
68,16,477.019175527375,6049.228152419553
68,17,858.1717276719907,9192.811758351272
68,18,701.534382813541,8364.528828137101
68,19,978.3472869850021,11303.712370953957
68,20,807.6703777417755,10512.556615750316
68,21,140.0893216126214,1549.0888352565644
68,22,631.8058554546535,7538.40203032488
68,23,433.40758612271776,4419.467760985455
68,24,379.01047466643905,3907.2565149643606
68,25,475.81121597843423,5429.269621031124
68,26,429.56029652357046,4252.173661619959
68,27,569.754082715605,6189.009222924096
68,28,896.6386198621583,10771.538622390864
68,29,718.5850423843798,7138.501322009405
68,30,1015.0567509694907,11266.017404328264
68,31,462.1653897432695,4645.8666832280605
68,32,983.601774826395,11631.499378402357
68,33,439.36047678959966,5113.344807343056
68,34,784.3767236820939,10141.079857316483
68,35,859.572170744266,10450.809653793805
68,36,627.0358177922814,6710.149921843986
68,37,285.2937560123679,2973.844075280618
68,38,570.8271671906641,6701.611195339271
68,39,1067.4512047251706,12182.710774319285
68,40,108.00201269611485,1064.224632677554
68,41,283.5593842542589,3180.796625500316
68,42,901.8472522035495,9367.420102787833
68,43,278.48488933931344,2769.791642636167
68,44,417.40717777208647,4272.510930360562
68,45,406.8168758043458,3807.2188008039197
68,46,1123.9211436871062,12931.706809625903
68,47,600.9613704668454,7125.3322620765775
68,48,205.42764500017353,2063.1299726316083
68,49,1017.8255767134563,12417.561009936804
68,50,860.4987524169828,10643.074936636654
68,51,904.818813238881,12002.772866747504
68,52,533.3275608784301,6142.086330380634
68,53,789.1591765321248,11476.85670533412
68,54,710.8767320042593,8953.192852825812
68,55,926.6066431889914,12531.75244108135
68,56,583.0996574701389,6498.840411518784
68,57,830.134655338312,10477.904627467318
68,58,1077.1338320362458,12886.763987214741
68,59,665.5426744569071,8091.823537492321
68,60,591.1515712638271,7072.003962523914
68,61,525.2631204015358,6159.894691616825
68,62,333.1209643091504,3391.0336357611573
68,63,702.3473240540695,7630.669119072722
68,64,1067.4512047251706,12109.439956146725
68,65,716.7707780976828,8605.925043348641
68,66,903.1992418302848,9787.504603153957
68,67,922.1897496087441,11155.741882821507
68,68,0,0.0
68,69,574.626654887628,7251.145588579953
68,70,825.5624591563462,9291.081859046471
68,71,435.92646173190775,4659.216434034155
68,72,321.9050270604116,3410.9979995389617
68,73,815.5843722103529,9281.093936896617
68,74,985.752608495483,12104.054097086955
68,75,608.6670310071173,6564.260746003857
68,76,804.4676166194903,9240.09633603428
68,77,294.8825214174067,3871.1238591023534
68,78,48.812630032049945,460.741056478966
68,79,588.26392818009,6810.558213725882
68,80,1054.3476673628459,12316.261528353109
68,81,140.51031086307432,1465.697272305812
68,82,954.7487624100642,12543.673587649522
68,83,911.3151296790123,11847.796533255276
68,84,899.5967294336708,11912.013444381033
68,85,883.4655017555847,9553.442227673595
68,86,210.7808673556645,2544.1904315540974
68,87,669.7870133905861,7700.6367008764
68,88,468.71491661604557,5386.58898015761
68,89,706.6180408181566,8460.033242412874
68,90,184.6663513547681,1921.193240373957
68,91,821.3910821176243,9947.23790167702
68,92,763.9951918709434,10168.533127047089
68,93,919.3901922271741,9884.998158005086
68,94,606.728327037403,7227.9991452794475
68,95,801.5198424929324,8795.233821257234
68,96,767.4386289718783,9603.542506326574
68,97,630.9245607404791,7401.178094766328
68,98,251.02574778467692,2600.3178224679655
68,99,561.9393024645177,6679.65306065833
68,100,888.5822028058014,11743.92096434328
69,0,461.3605831036175,5824.402252726167
69,1,358.66541956655726,3833.7321794368286
69,2,372.5294622371464,4576.126380837761
69,3,735.9639650460851,11263.856386171414
69,4,344.36672968567,4079.112422913277
69,5,820.4955961503333,11360.354484706731
69,6,386.5185693096484,4396.898402796796
69,7,721.6298310405616,8940.916880677647
69,8,643.7262371864997,4657.348288103285
69,9,224.32129426329968,2745.2347343071165
69,10,599.4811009753495,9814.6807771539
69,11,748.8167307708762,11778.256088089945
69,12,281.7296857605711,2530.1585710307795
69,13,702.5136024631296,9123.797055862755
69,14,337.49158232911117,4277.136588006085
69,15,772.3238950917881,9647.22875339431
69,16,164.14248113745444,1284.193426392386
69,17,556.8366715711801,6394.778999597143
69,18,289.91296084780447,2822.362922567412
69,19,554.2258650192659,9037.696085053805
69,20,383.54895577603895,6383.826922783338
69,21,471.86554648165423,5815.873146803128
69,22,652.1844334889169,8181.9984494002365
69,23,505.3774303929137,6754.825659487926
69,24,454.7662875777648,5619.287874221387
69,25,245.28979401269748,2670.084726662903
69,26,386.2254522485962,4519.051952888727
69,27,510.4326607498683,5789.685402803389
69,28,632.7046510711208,9083.874907305557
69,29,332.45107359334236,3369.7645576303826
69,30,590.9353290037546,7156.760715099347
69,31,494.5439677775326,6769.529226687707
69,32,559.4803528606586,8659.683306884868
69,33,459.739054823863,6902.089928789733
69,34,825.0427548910557,11888.234481011277
69,35,647.7935112905552,9812.84957564594
69,36,256.7143958265443,2407.0290873572667
69,37,391.5723340466312,4518.190739355047
69,38,260.0931983996263,2664.0167206327164
69,39,584.7297827594333,5241.626289013717
69,40,568.8761651088475,6813.987169187057
69,41,380.95416112263456,4327.111267131669
69,42,486.62583023781326,4197.117217685702
69,43,522.9634673735766,6091.26594520589
69,44,754.6873069110375,10025.907149788974
69,45,435.7954538386089,4878.3312846541085
69,46,793.5871748960686,11262.167170168794
69,47,621.3399485011088,10064.492118334385
69,48,717.1936762091354,8564.67165498263
69,49,567.1916079224186,6238.864531533896
69,50,343.5773304512458,3644.3847154364926
69,51,420.49739127314473,4752.496775663675
69,52,777.793592087392,10635.097212397455
69,53,920.0252077410868,13369.47836847762
69,54,260.24276321322134,2493.1433822551467
69,55,519.4852212232545,6367.302658291751
69,56,170.68458686446567,1901.6619186268006
69,57,406.0132333725754,6619.795270996636
69,58,729.6998632452078,10187.270950020282
69,59,685.9212524911704,8881.182528953095
69,60,658.1176024727891,10375.544899770552
69,61,715.6423299162419,10141.874659099614
69,62,722.6869955181122,8957.047811890448
69,63,354.01335526303194,4309.269556813092
69,64,584.7297827594333,5121.35792033341
69,65,725.7368093066448,11427.065362656334
69,66,509.77781986454823,6232.526761013343
69,67,491.4557808177063,5661.931015170891
69,68,574.7266548876279,7251.145588579953
69,69,0,0.0
69,70,410.3410371906099,4584.923793007859
69,71,514.4867598282518,6578.198011556127
69,72,370.6138317575316,4289.992100839588
69,73,391.4629502446166,5674.091841385146
69,74,738.6186397044453,10893.823993299316
69,75,530.7456090413809,6004.109751243497
69,76,302.8591815743257,2904.1593161821725
69,77,634.1752145070686,8103.0679775238605
69,78,712.4327523465986,7710.446301257938
69,79,321.4405241899357,4065.1715112045954
69,80,603.7136985718083,6274.82130666831
69,81,483.88888889733767,5929.922385081444
69,82,824.3147936190263,11691.589901468138
69,83,460.68116088797456,5327.904393052381
69,84,854.862760642632,12286.008201315275
69,85,983.3315329645465,10909.395039477833
69,86,590.0468985646263,7581.239526185419
69,87,143.4655914248494,1576.614430969727
69,88,746.7809478250077,10011.869584771657
69,89,294.99661885242006,3383.0227396514097
69,90,613.7449293890313,7003.214603694581
69,91,695.1696601518877,9980.68119105854
69,92,850.6993584226454,12229.14660879878
69,93,525.9687702614376,6569.66983389665
69,94,627.1069050716663,10006.691538174497
69,95,821.8984205271956,11115.466863691152
69,96,898.3046601808403,12447.189744197636
69,97,261.3905919494411,3492.219986210534
69,98,639.4043258189399,7021.956782624099
69,99,622.5234395493646,9833.703717193352
69,100,437.9482340147637,5073.752708564356
70,0,736.9963873723365,8342.188771945723
70,1,232.40122383527589,2320.20394511853
70,2,651.7652665058646,9154.018227309203
70,3,749.9997693148038,9816.887149767292
70,4,632.3025339543885,7011.040717213472
70,5,646.9314004190519,6820.646981686786
70,6,664.3543735783672,8534.56742630396
70,7,1025.2656353092805,11530.313962496844
70,8,625.7620414552182,4703.429314461351
70,9,448.2570985320186,5384.253889620207
70,10,613.5169052440681,8254.307224561038
70,11,575.2525350395948,7193.394423831001
70,12,505.6654900292901,6627.015393188337
70,13,1006.1494067318486,12096.687632602736
70,14,616.7273865978299,8855.435695249957
70,15,624.6871778981968,6606.059828322117
70,16,552.8782854061734,5340.433128089726
70,17,306.19995437758877,2390.263804795486
70,18,158.1708064882566,1768.3352752869757
70,19,433.78914782567455,4716.2403525379805
70,20,263.1122385824476,1799.1839283368145
70,21,758.1013507503727,8348.830301677972
70,22,495.17054089980206,5747.2345774884625
70,23,519.4132346616325,6320.283066919743
70,24,758.4020918464836,9378.283832074158
70,25,610.625598281416,6842.924078559189
70,26,710.1621320012513,8383.453260519535
70,27,376.7684650185871,4181.170607313032
70,28,511.06793387752936,4994.828779966447
70,29,611.6868778620608,7949.048789793713
70,30,402.07113327247316,2578.421108776951
70,31,508.57977204625126,6181.133016039376
70,32,439.0436356670673,4157.423069040783
70,33,473.77485909258166,5986.619438663095
70,34,752.5060376974643,9083.856662070255
70,35,527.356794096964,6106.492583487449
70,36,593.0502000952633,6960.484084200623
70,37,679.5081383153498,7581.787779124462
70,38,560.029002668345,7215.412715598032
70,39,555.2655870281519,4426.900503414058
70,40,705.2119693775659,8417.186705201806
70,41,544.7899653913529,6204.694960714569
70,42,178.2616345065319,585.3856906467267
70,43,548.7992716422953,6904.640725052535
70,44,768.7231111797562,10203.034447367578
70,45,471.3312581073275,5570.174610797664
70,46,591.5504577024772,6946.2942563112065
70,47,635.3757527698274,8406.678516315464
70,48,990.3294804778536,11161.543979811957
70,49,844.6274121911373,9635.681563626562
70,50,330.4494956553411,3751.667097015908
70,51,558.0332032508769,6026.916810992337
70,52,791.8293963561107,9806.617404001563
70,53,927.3884905474953,10420.039791608175
70,54,496.85837776517803,6538.732496900574
70,55,346.0210254919731,3531.7209096645533
70,56,384.6140397731208,3400.9158265688966
70,57,285.5765161789841,2055.4403663740623
70,58,527.6631460516163,5668.862073303767
70,59,545.1845352975791,6263.34834232322
70,60,672.1534067415078,8856.401224039755
70,61,729.6781341849605,9120.557246842098
70,62,736.7227997868309,9332.742311218055
70,63,633.2491595317506,8893.91861723928
70,64,555.2655870281519,4501.962649262128
70,65,739.7726135753634,9347.781441948935
70,66,259.14110267095697,1818.6253037704782
70,67,769.291585086425,9634.832467417158
70,68,790.1624591563461,9291.081859046471
70,69,410.0410371906099,4584.923793007859
70,70,0,0.0
70,71,528.5225640969705,6000.741603741126
70,72,513.7194093633933,5917.876650704466
70,73,196.4297758268276,1410.572720921153
70,74,604.9886415771717,6771.458371762987
70,75,391.88141331009945,4064.619073316608
70,76,204.0819989224721,2277.5775737302215
70,77,913.4110187757873,11575.659777416466
70,78,825.6685566153169,9678.01565007911
70,79,600.6763284586541,8605.693629591184
70,80,881.149502840527,9786.210648285569
70,81,769.8246931660562,8467.620674982569
70,82,703.8780764254349,7630.962281217092
70,83,738.1169651566934,8537.250361968341
70,84,734.4260434490408,8698.896894177176
70,85,950.1948157709552,8072.361792291444
70,86,893.6827028333453,10672.73646071139
70,87,278.3013956935681,3008.3562378496217
70,88,760.8167520937263,9442.338369334562
70,89,128.4324231211387,1211.2194237417095
70,90,675.8807336577495,8075.63738664092
70,91,574.7329429582965,6598.995499715657
70,92,778.1626412290541,9543.88107837461
70,93,275.33205306784635,2196.8963744931434
70,94,641.142709340385,8265.702945475838
70,95,763.1617033336044,8801.42448076189
70,96,912.3404644495589,10183.110875481043
70,97,540.6263962181599,8077.106162709155
70,98,653.4401300876585,7699.262236777794
70,99,636.5592438180832,8382.60988292909
70,100,715.3840382834825,8144.68468047763
71,0,887.9421100099787,12334.379328593248
71,1,344.34694647291815,3879.258074149385
71,2,783.910989143507,9824.5119595119
71,3,344.96377189036497,4694.900203215745
71,4,449.44825659203076,4747.365616266821
71,5,931.7771230566939,10815.737679828359
71,6,815.3000962160097,10710.949700083738
71,7,700.0113579469225,7004.9551204870295
71,8,209.90776409286048,1922.6476610487643
71,9,599.2028211696608,9110.195600727122
71,10,208.48090781962935,3317.1777451526436
71,11,860.0982576772368,10483.080736188682
71,12,656.6112126669325,9024.872148256442
71,13,754.5951293694902,7947.948389139417
71,14,748.8731092354723,9166.88946846487
71,15,394.72370193606827,4598.309604054959
71,16,525.2240080438153,5992.146246382584
71,17,487.5501125505342,5015.186500345387
71,18,388.6944877541653,5928.0680000383045
71,19,665.5073919256263,6756.515481540063
71,20,494.83048268239963,6648.884495491293
71,21,475.6470733880149,4710.162113282008
71,22,261.1842403331968,2916.0224051345517
71,23,31.55895729927468,332.91584435288
71,24,663.4478144841256,7150.5795158985575
71,25,538.7713209190583,6549.791724947879
71,26,606.6078546388933,6736.97806834755
71,27,178.53246759414836,1919.9041866450045
71,28,588.1044579154003,6158.931658623352
71,29,760.432600499703,8507.354978758582
71,30,702.2168559101154,7282.606305437899
71,31,19.219127139710793,199.53734156985632
71,32,670.7618797670191,7221.603267110485
71,33,48.138861668143065,502.9745130692904
71,34,434.0425617353357,6068.2976444136675
71,35,511.3933181348353,5795.357606563376
71,36,689.9959227329053,7620.3232507191
71,37,496.653860952992,5106.763504331662
71,38,612.6747253059873,7767.918010281925
71,39,754.6113096657942,9998.785455754729
71,40,381.3621176367389,3595.13538106537
71,41,301.21948919488295,3301.509261203822
71,42,589.007357144174,6324.092540035517
71,43,219.04499427993738,1952.6149281156263
71,44,332.16883381739865,4203.602073444619
71,45,239.17698074496974,1966.106325186145
71,46,815.3869817403477,8278.854887840536
71,47,230.3397553453888,3590.9424029549364
71,48,646.2752031154965,6714.014789963019
71,49,995.5731348287794,12792.18565087049
71,50,550.0952182929832,8755.291729715145
71,51,757.3789258885192,10742.768688453249
71,52,364.3751189937529,4123.506433441948
71,53,529.0250145853663,7538.343891817116
71,54,647.8041004028204,9011.295135442562
71,55,613.7667481296155,9531.228398905121
71,56,368.05976241076297,4844.438809879632
71,57,517.2947602789361,6501.0390799609495
71,58,761.3996700894876,8351.204235282705
71,59,294.92105933545037,3533.2283273831154
71,60,267.11740931706913,3838.9226973032987
71,61,331.1106785168588,3575.2251921257184
71,62,300.1685224244732,3384.3948106289313
71,63,765.394882169393,9361.43291834274
71,64,754.6113096657942,10002.834169114603
71,65,334.7366161509247,5071.489983879974
71,66,532.5776267088283,5801.892831636868
71,67,920.2373077240675,12016.52054091383
71,68,451.50818179398874,4659.216434034155
71,69,506.6867598282523,6578.198011556127
71,70,512.7225640969707,6000.741603741126
71,71,0,0.0
71,72,272.7651320010356,3029.191784205675
71,73,502.7444771509773,5427.860015325594
71,74,677.2184465487247,7444.841673104168
71,75,217.4454158856607,2201.622119069729
71,76,491.6277215601141,7019.666885146574
71,77,701.6300795327293,8256.02048278785
71,78,472.3142792529595,4855.300919607096
71,79,693.811486295413,8650.629758878837
71,80,1032.0952254781691,12804.39473833624
71,81,479.67041580369835,4778.249513388594
71,82,646.2146004633059,7898.949128157768
71,83,889.0626877943355,11905.846187961197
71,84,573.4625674869122,7438.47638565951
71,85,592.3313398088267,5276.582335393083
71,86,617.528425470987,6982.818799786943
71,87,423.6471183312103,5993.138213357521
71,88,304.76247473136846,3593.9057703348235
71,89,393.7781457587809,5689.076010460047
71,90,337.2264562953921,2811.986288500834
71,91,450.76946699616764,5339.553164888055
71,92,459.6991652669254,6253.698510969303
71,93,548.7685771057177,5783.369250545021
71,94,236.10671191594614,3576.3074836411124
71,95,430.8982273714755,4945.648818602025
71,96,507.30446702511983,6134.100585548544
71,97,672.7721188558023,8761.397323525664
71,98,314.7858527253008,2181.5718028914707
71,99,231.52324639364463,3298.6673098029146
71,100,866.3297609211246,11647.79206317067
72,0,686.7691819392579,10080.538764759573
72,1,368.6437917393409,3661.3864999384173
72,2,516.8380610727868,6839.722343858714
72,3,548.7423372188688,7526.441917689603
72,4,176.67532852131035,1775.1854214370248
72,5,956.0739683231167,12129.326019154654
72,6,611.9271681452891,7958.973262489509
72,7,570.2082032133452,5612.947656394086
72,8,360.3046093592833,1774.5500095968266
72,9,504.52989309893997,7027.6716265364585
72,10,412.2594731481331,6286.2108144333015
72,11,884.3951029436596,12092.383854348082
72,12,476.84424978410436,6457.928129775483
72,13,609.4919746359132,6229.90076542556
72,14,481.8001811647516,6162.395801987712
72,15,598.5022672645719,7372.013542924246
72,16,346.3510799730948,3341.1470205429214
72,17,686.2150437439637,6152.445511868191
72,18,412.9913330205881,4961.423000053571
72,19,689.8042371920491,8554.895024108788
72,20,519.1273279488224,7259.839793591416
72,21,264.2439186544378,2482.2264269477537
72,22,462.06280566170045,5664.0989782981105
72,23,275.4645363297647,3044.5335971199406
72,24,404.3748864134051,4339.326594674358
72,25,271.6983928483378,3573.071580790936
72,26,333.83492656817293,3765.460278064844
72,27,341.411032922652,3563.1141547565635
72,28,768.2830232439039,8186.547137458152
72,29,493.3596724289825,5549.730140473009
72,30,726.5137011765381,8044.45886410201
72,31,283.21597240613363,3166.041823677707
72,32,695.0587250334419,8689.167608486434
72,33,272.51742699664675,3505.4148034528534
72,34,637.8211270638393,9074.775766378378
72,35,715.1718834633388,8249.633543824375
72,36,422.92299466218475,4731.9134512700075
72,37,223.8809328822715,2232.50938233711
72,38,345.6017972352667,4848.29109289658
72,39,778.908154932217,8863.512152390367
72,40,225.75453728163106,2679.5364800694106
72,41,31.062759958274746,349.8227099013939
72,42,613.3042024105969,5964.964055724108
72,43,159.2418395463602,1842.6976449778772
72,44,476.5656790838213,5759.044232982872
72,45,130.8738260113925,1091.2674722314262
72,46,929.165547068852,10461.872221951671
72,47,434.1183206738925,6570.414770778147
72,48,518.7720483819191,5245.533195993456
72,49,792.600206758059,10212.251318526522
72,50,574.3920635594061,7368.853947922086
72,51,700.7059901087847,8954.17125718069
72,52,540.2719642601757,6633.837284525294
72,53,732.8035799138703,10554.83136569945
72,54,485.6513620488618,6469.569674374845
72,55,638.0635933960383,9121.065441708688
72,56,296.35660767718565,3149.5201233263997
72,57,541.5916055453589,7273.581285428504
72,58,865.2782354179911,10074.477957269535
72,59,498.69962466395395,6356.744243535263
72,60,470.89597464557284,6757.853034739022
72,61,507.0075237832816,6264.701322905373
72,62,424.0653676908959,4682.3188887489105
72,63,498.3219540986724,6366.710482654981
72,64,778.908154932217,8805.91282335665
72,65,538.5151814794285,8078.87095420725
72,66,639.1561920373321,6609.822852316529
72,67,696.9643796533468,9256.299672880345
72,68,321.90502706041167,3410.9979995389617
72,69,370.5138317575315,4289.992100839588
72,70,537.0194093633934,5917.876650704466
72,71,263.9834119389547,3029.191784205675
72,72,0,0.0
72,73,527.0413224174,6063.348559981139
72,74,874.1970118772284,9768.056104890478
72,75,379.22398121416444,3946.925845455297
72,76,515.9245668265369,5872.9528530424095
72,77,573.1535866798522,5979.175475487772
72,78,369.3111245193823,3827.749172497062
72,79,426.7385582246923,5635.895240413309
72,80,829.1222974074487,10182.204125260585
72,81,275.9672610701212,2595.4351019473575
72,82,849.9931657918094,10369.083605469925
72,83,686.0897597236151,9438.623093386366
72,84,777.2411328154159,10241.686359682679
72,85,796.1099051373301,8239.523757363211
72,86,464.2530923783823,4895.361646047977
72,87,395.1439635976331,4392.1873582407725
72,88,480.6593199977912,5941.836450605417
72,89,418.0749910252037,5050.094695590483
72,90,248.92330156181507,2720.623546812581
72,91,654.5480323246712,8004.725990615457
72,92,663.4777305954291,9278.040004224094
72,93,655.3471424342214,6765.305900161338
72,94,439.88527724445,6576.26998247176
72,95,634.6767926999793,7974.79354598101
72,96,711.0830323536238,9144.198436947052
72,97,405.6991907850815,5811.262958197271
72,98,304.38269799172366,2751.92022401324
72,99,435.3018117221484,6232.287537381757
72,100,663.3568328504042,9243.518144118472
73,0,707.4183004263432,9751.532841551772
73,1,270.826679665085,2466.1315250038733
73,2,622.1871795598713,10238.15695672073
73,3,661.4252251446128,8769.05752489701
73,4,671.7279897841977,7424.818776814197
73,5,532.7533134730586,6125.48225892223
73,6,634.776286632374,9812.369689084016
73,7,995.6875483632872,11608.404852018617
73,8,635.2874972850273,4548.89184742067
73,9,418.6790115860251,6761.0064326981765
73,10,524.9423610738771,7227.20651081407
73,11,461.07444809360146,6278.61746430351
73,12,476.08740308329664,7888.540108173464
73,13,976.5713197858552,12289.220113802923
73,14,587.1492996518366,9873.073585886574
73,15,487.48161241451345,5275.738357731337
73,16,592.3037412359824,6225.567734633984
73,17,197.39793166970776,992.7010982116799
73,18,332.9742209463322,2978.9734356160006
73,19,269.3835823419912,3396.7147771023156
73,20,98.70667309876424,1244.6287815119442
73,21,797.5268065801816,8545.523912879064
73,22,386.3685181919211,4597.142339400178
73,23,541.4386904914419,5760.097952689118
73,24,728.8240049004902,9936.192231073019
73,25,592.547511335423,7658.222823720408
73,26,680.5840450552579,9017.155663031263
73,27,341.59392084839624,3510.6637185538625
73,28,347.86236839384594,3601.918416937103
73,29,582.1087909160674,8976.74151149136
73,30,287.8930463264797,1987.639357174738
73,31,530.6052278760608,5585.027021971813
73,32,274.63807018338383,3002.1699240698736
73,33,471.000314922391,5302.839065803875
73,34,588.100472213781,7756.881109215165
73,35,362.95122861328065,4697.70379929673
73,36,563.4721131492698,7962.332251144979
73,37,718.933594145159,7992.988897836551
73,38,530.4509157223516,8210.789130413843
73,39,591.4875000821585,5725.295144382267
73,40,744.6374252073749,8321.567845121068
73,41,584.2154212211618,6388.094591584858
73,42,372.08709033634096,1995.9019462885271
73,43,588.2247274721043,6684.153014281811
73,44,808.1485670095651,9587.013819242577
73,45,510.75671393713657,5474.369210473494
73,46,482.7484349945961,5635.464491763874
73,47,546.8012085996364,7348.090975020724
73,48,989.32034474375,11253.725491416028
73,49,815.049325245144,11015.738346125823
73,50,386.97140870934766,5156.837737920212
73,51,594.2551163048834,7430.658917550962
73,52,702.7548521859196,8921.359730847164
73,53,762.982925063812,9059.768949099802
73,54,467.2802908191846,7807.412644452544
73,55,313.9429385459797,4446.4601175446805
73,56,424.03949560292983,4169.430815711388
73,57,121.17095069530073,1210.2619470933982
73,58,418.86112334373536,4528.641658315858
73,59,436.3825125896981,5037.923279286344
73,60,583.5788625713168,7818.662342800253
73,61,641.1035900147696,8206.864372424197
73,62,776.1482556166399,8812.215430311931
73,63,603.6710725857573,9938.39998392066
73,64,591.4875000821585,5820.169072381791
73,65,624.8945266293699,8160.199855013143
73,66,150.33907996307602,589.5948390839081
73,67,739.7134981404317,10950.91842725352
73,68,829.5879149861553,9281.093936896617
73,69,454.2664930204192,5674.091841385146
73,70,196.42977582682767,1410.572720921153
73,71,550.54801992678,5427.860015325594
73,72,553.1448651932022,6063.348559981139
73,73,0,0.0
73,74,453.7763570271703,5395.315750664516
73,75,356.7068691399086,3281.6012235800285
73,76,328.5039119764785,3665.441169432877
73,77,883.8329318297939,11962.169075994321
73,78,865.094012445126,9626.579943932344
73,79,571.0982415126608,9569.66161101908
73,80,851.5714158945337,11158.064391135229
73,81,809.2501489958652,8658.701058916507
73,82,539.4725109417516,6246.282260625311
73,83,708.5388782107001,9923.151104421684
73,84,570.0204779653574,7289.7792070874175
73,85,785.7892502872719,6753.398252441649
73,86,864.1046158873519,10947.8734113684
73,87,367.9268515233772,4128.725651638385
73,88,698.4422079235352,8642.073404059913
73,89,304.45787895094776,2369.255425324076
73,90,715.3061894875586,7839.484825673651
73,91,410.327377474613,5214.78257715026
73,92,613.7570757453708,8231.60406406459
73,93,166.53003035996542,895.9337932047955
73,94,552.568165170194,7190.363768540821
73,95,598.756137849921,7573.582823113644
73,96,787.262377503565,8941.142605531937
73,97,511.0483092721664,9130.489720075477
73,98,692.8655859174677,7368.571741628687
73,99,547.9846996478923,7379.997267378343
73,100,685.8059513374892,9535.675605065453
74,0,999.0739898861709,15070.438158797087
74,1,679.3855454154294,7154.97598838479
74,2,913.8428690196993,15351.491748036315
74,3,500.7773718286392,7592.278523852983
74,4,994.1801364682243,11488.416515323632
74,5,426.71572199920536,5077.795067467729
74,6,926.4319760922019,15164.608345995757
74,7,1020.5432378231152,14440.849546685145
74,8,764.5396439690535,7996.10056816928
74,9,710.334701045853,12152.098775744547
74,10,507.2945077579035,6617.230327656939
74,11,336.43685661974826,4084.7314598274947
74,12,767.7430925431247,13235.59883672447
74,13,1001.7270092456829,15392.144914582528
74,14,878.8049891116646,14892.370275733807
74,15,339.63730187434214,3304.8939891069917
74,16,900.0558879200083,11182.957140233091
74,17,436.75007835373384,4527.2571561451805
74,18,665.9263676303584,8351.93964039205
74,19,386.23927180181977,2141.942274468603
74,20,488.5623625585932,5337.281564398043
74,21,1031.7813064294387,11998.001152583915
74,22,493.8206648759472,4624.417041921337
74,23,693.990837175468,7693.239085358132
74,24,1020.4796943603183,14093.952176460778
74,25,884.2032007952511,12433.576736259756
74,26,972.239734515086,13387.896896261107
74,27,605.3460675324222,6206.21228800483
74,28,159.81805785367445,1813.8927625516048
74,29,873.7644803758955,14031.64474090304
74,30,422.96541923116536,5020.302526862735
74,31,683.1573745600869,7464.759861577837
74,32,343.40047870953066,3080.6318965369314
74,33,666.5577339655737,6998.99232823008
74,34,407.0561616736099,4621.247292785478
74,35,183.4516087357821,1684.8958562549487
74,36,855.127802609098,13007.265608307864
74,37,1041.3857408291856,11991.857958854878
74,38,822.1066051821797,13239.065229781247
74,39,883.1431895419877,10626.462064471187
74,40,933.893997512932,11039.968870478388
74,41,878.2675679051882,10115.292791991209
74,42,780.3392370203671,7344.572074503456
74,43,771.5768741561308,9368.491900036635
74,44,680.9866157636026,10332.547994364373
74,45,793.8088606211627,8776.84448349188
74,46,157.20730074494054,986.0544426630114
74,47,513.053355283663,6512.227469900263
74,48,1011.6760342035781,14156.719861781068
74,49,1106.7050147049717,16405.81682748304
74,50,678.6270981691765,10414.8120411852
74,51,885.9108057647127,12648.814674942854
74,52,565.4069988699462,8596.649833505635
74,53,517.4386145236405,5210.516581569001
74,54,758.9359802790126,13160.547912845588
74,55,627.1986280058081,8682.312995578593
74,56,746.4916422869562,9149.618802676323
74,57,511.02664015512966,4958.741779105401
74,58,246.61998909407993,2449.016996742415
74,59,426.53465927372423,4229.841030832608
74,60,508.69232432243535,6956.6655327486105
74,61,562.9557366987959,7912.056383917179
74,62,758.5063495110634,10071.431481638265
74,63,895.3267620455853,14997.680007356583
74,64,883.1431895419877,10769.293053262265
74,65,443.85021608919897,6203.561056632486
74,66,432.0979457134204,4958.792764533542
74,67,1031.3691876002597,16329.688185047435
74,68,988.8526084954837,12104.054097086955
74,69,754.4186397044454,10893.823993299316
74,70,604.9886415771721,6771.458371762987
74,71,703.100166610806,7444.841673104168
74,72,847.1970118772286,9768.056104890478
74,73,474.27635702717055,5395.315750664516
74,74,0,0.0
74,75,621.0590158239345,5821.162059685141
74,76,620.1596014363076,9048.203212376708
74,77,1117.4619594089224,15597.776698455973
74,78,940.0461591291531,12288.411281679175
74,79,862.7539309724888,14511.159791406591
74,80,1143.2271053543616,16551.869199946177
74,81,1032.2022956798914,12084.297465812873
74,82,118.82820040157996,876.4169383213224
74,83,1000.1945676705277,15308.663637622843
74,84,243.37616742518605,2656.7459092491026
74,85,604.7449397471005,4066.81337516927
74,86,1083.06030534718,14369.1666504887
74,87,646.2789982074034,9424.332401181979
74,88,648.8943546075618,8787.275425110613
74,89,671.010025634974,7743.7064975964695
74,90,889.7583361715851,10234.593609075713
74,91,262.4830669344417,2459.233802502508
74,92,432.71276520519956,5136.870112118534
74,93,448.2888961103098,4578.199967335717
74,94,475.3203118542203,6307.525636860296
74,95,417.71182730974965,5473.512445964825
74,96,606.2180669633943,6353.724026553183
74,97,802.7039987319946,14219.275434659121
74,98,867.3177326014942,9573.874842657713
74,99,529.7368463319189,6856.502830683597
74,100,977.4616407973168,14915.634020514215
75,0,926.4009592231073,11384.01499593009
75,1,248.40579568604693,2398.3573562697243
75,2,798.3698383566357,10012.390738813634
75,3,476.3043411655747,5825.20418516082
75,4,482.9071058051596,5678.370079667951
75,5,857.4359722698226,8673.955074118001
75,6,853.7589454291383,10385.948045215599
75,7,843.7702071600507,8942.623445971969
75,8,360.1666133059893,2176.7336486578565
75,9,637.6616703827893,8142.364630106357
75,10,339.821477094839,4261.90958480745
75,11,785.7571068903655,8426.038189878189
75,12,695.0700618800611,8533.043904980712
75,13,895.2539785826187,9787.845177652087
75,14,763.331958448601,9453.669173428501
75,15,362.4756887474158,3711.757286987077
75,16,553.8828572569439,5855.518247036607
75,17,339.39068182574385,2813.565072327897
75,18,427.1533369672941,4470.252412428839
75,19,594.0662411387555,4746.89897278918
75,20,423.38933189552864,4476.539576926566
75,21,597.0059226011438,6231.578793346448
75,22,192.65905174902088,2178.341063602254
75,23,249.91780651240347,2532.849316729151
75,24,710.6066636972544,8277.608089972096
75,25,553.230170132187,6867.585904224697
75,26,640.0667038520221,7610.938542750933
75,27,50.073036869358006,389.8231289781172
75,28,515.8450271906103,4279.414324802137
75,29,774.8914497128317,8662.381621467044
75,30,612.575705123244,5086.685656004562
75,31,239.08434389702234,2338.2792356208906
75,32,599.3207289801483,5091.098465956251
75,33,179.4794309433527,2024.029487315579
75,34,565.3831310105452,5884.353048600895
75,35,467.93388741004503,4325.815168431978
75,36,704.4547719460342,7669.903581215367
75,37,530.1127101661208,6173.026755010739
75,38,627.133574519116,7870.782563984868
75,39,793.0701588789229,8347.029503592657
75,40,522.0209668498677,5521.77404173574
75,41,383.69453724212394,4294.16302220545
75,42,508.6662063573028,4487.121064799743
75,43,359.7038434930663,3803.84946283028
75,44,544.4276830305273,6307.930365127226
75,45,310.2358299580985,2974.8739486342984
75,46,731.8275510155581,6531.53989604938
75,47,361.6803246205984,4447.576481017932
75,48,792.3340523286249,8620.761141522475
75,49,1034.031984041908,12172.221385508967
75,50,588.554067506112,7306.484862312579
75,51,795.8377751016479,9469.444139922598
75,52,518.1339682068817,5742.0986740613835
75,53,660.3655838605763,7366.0098863153935
75,54,686.262949615949,8491.358539857903
75,55,638.6255973427436,7565.981902093897
75,56,406.5186116238917,4102.981059665815
75,57,445.8536094920651,4309.954821548668
75,58,667.9402393646973,6323.97710527645
75,59,249.77304614679784,2878.53313427974
75,60,398.4579785922787,4865.9226405516465
75,61,455.98270603573144,5058.040936910431
75,62,512.4273716376019,5564.423326840701
75,63,779.8537313825217,9600.819905523165
75,64,793.0701588789229,8384.602022923227
75,65,466.0771854261345,5598.686791419196
75,66,384.4181959840379,3615.4452225838113
75,67,958.6961569371961,11663.202875761537
75,68,592.1670310071174,6564.260746003857
75,69,535.345609041381,6004.109751243497
75,70,391.8814133100995,4064.619073316608
75,71,259.02713594774156,2201.622119069729
75,72,352.62398121416436,3946.925845455297
75,73,356.7068691399085,3281.6012235800285
75,74,621.0590158239347,5821.162059685141
75,75,0,0.0
75,76,508.88657077324314,5548.919508501451
75,77,887.5155906265585,9828.191966426819
75,78,627.6731284660882,6833.245222624497
75,79,708.2703355085417,9007.140161212195
75,80,1070.5540746912977,12236.802304223507
75,81,608.7292650168272,6325.549412635147
75,82,635.2551697385157,6433.726543303104
75,83,927.5215370074641,11181.758841993993
75,84,640.0031367621218,6505.446534290753
75,85,723.6719090840363,4907.4083004144395
75,86,758.1872746841156,8642.021557900092
75,87,462.1059675443391,4950.911065809874
75,88,466.5213239444973,5397.743870555741
75,89,429.43699497190966,4068.1485560368183
75,90,477.8853055085209,4867.5896666898325
75,91,480.3100362713774,4197.094508791062
75,92,591.039734542135,6234.489706599678
75,93,400.6091463809273,3583.0372078800233
75,94,367.44728119115587,4332.457347064422
75,95,489.850214182823,5188.526455149779
75,96,638.6450363003298,6559.393044303164
75,97,687.230968068931,8885.679236211576
75,98,455.4447019384296,4302.080487118958
75,99,362.8638156688543,4365.8870234941405
75,100,904.7886101342532,10865.422781292975
76,0,556.2145317560522,6116.901533055334
76,1,349.40638129841955,3202.2793721350477
76,2,523.3834108895809,7257.11060747265
76,3,733.5049267779474,11354.084804107124
76,4,607.1206783381044,6402.47926083623
76,5,675.2365578821954,8646.856347852647
76,6,483.57251796208294,6347.351713239134
76,7,896.8837796929964,11248.406173002952
76,8,641.2671989183618,5291.367845924173
76,9,267.47524291573427,3107.303492123922
76,10,597.0220627072117,9798.267868177445
76,11,603.5576925027383,9203.492414669465
76,12,324.88363441300567,4483.40799299396
76,13,877.7675511155644,11611.241452272776
76,14,488.3455309815457,7077.447209854411
76,15,704.8778437442228,8648.223377636285
76,16,448.49642978988925,4015.64672810101
76,17,489.3906202236147,4609.822788768482
76,18,234.67596395140015,1097.634623291275
76,19,486.77981367170054,6989.435393944412
76,20,316.1029044284736,3935.4352568427953
76,21,734.6194951340887,8012.071965419917
76,22,652.0482198252556,7549.607498135787
76,23,502.91839212477595,7295.53851719669
76,24,630.0202362301994,8378.242778158066
76,25,493.74374266513195,5520.230932791806
76,26,581.7802763849671,7298.204928918956
76,27,493.77362248173074,5520.674100922747
76,28,565.2585997235554,7265.472692246534
76,29,483.3050222457768,6179.6178559275095
76,30,430.3762907356167,4608.855868899541
76,31,492.08492950939484,7217.476291103296
76,32,492.0343015130933,6378.588219254643
76,33,457.28001655572524,7158.383608764233
76,34,805.4967035434904,11092.434459964452
76,35,580.3474599429899,8322.590881763525
76,36,464.66834447897884,5278.02855698582
76,37,654.3262826990657,6933.531852619988
76,38,431.64714705206075,5533.105550555862
76,39,490.17074449129547,3034.881108899717
76,40,688.7171268407094,8549.739458298247
76,41,528.2951228544964,6064.814222376206
76,42,268.96679196967546,1715.5606884384267
76,43,532.3044291054388,7335.940060257148
76,44,752.2282686428997,11064.820646221626
76,45,454.8364155704711,5947.230065503662
76,46,726.1411235485033,9213.432607700182
76,47,618.880910232971,9993.382184245052
76,48,890.5165760734592,10868.809422635784
76,49,663.845556574853,7358.14852648781
76,50,169.15465311848467,1761.1107920434176
76,51,390.0513476345929,3950.8745521297656
76,52,775.3345538192542,11093.217443912754
76,53,917.566169472949,12486.541245008371
76,54,316.0765221488936,4385.015097313296
76,55,349.22618295511666,3520.782762197741
76,56,302.1385355169004,2741.443889109443
76,57,338.5671820250101,4254.250759137283
76,58,657.5408249770697,7861.682723150527
76,59,683.4622142230327,8152.367834412104
76,60,655.6585642046514,10400.048251423876
76,61,713.1832916481042,10469.585087812577
76,62,720.2279572499745,10079.52797109416
76,63,504.8673039154665,7069.12016923521
76,64,490.17074449129547,3010.422955411788
76,65,723.277771038507,11114.814967663957
76,66,391.36449909488204,4095.472378393795
76,67,588.5097294701409,7397.705160440178
76,68,773.6676166194898,9240.09633603428
76,69,302.8591815743259,2904.1593161821725
76,70,204.0819989224721,2277.5775737302215
76,71,512.0277215601141,7019.666885146574
76,72,497.22456682653694,5872.9528530424095
76,73,324.0168988970512,3665.441169432877
76,74,671.1725883568799,9048.203212376708
76,75,508.8865707732431,5548.919508501451
76,76,0,0.0
76,77,785.0291631595031,10786.466067759124
76,78,809.1737140784605,9675.561849562495
76,79,472.2944728423702,6927.900453744989
76,80,700.3676472242428,7509.3895486156225
76,81,746.6428375497721,8133.05548585056
76,82,756.868742271461,9905.87770893739
76,83,557.3351095404091,6260.752941992573
76,84,787.4167092950667,10910.852925666431
76,85,980.8724946964087,10076.397399269597
76,86,765.3008472170611,10097.150244459384
76,87,194.71954007728397,1611.969198522252
76,88,744.32190955687,10610.157699043904
76,89,204.93758058428227,1514.4005724373935
76,90,659.3858911208931,8448.70859247353
76,91,627.7236088043223,8741.666357772163
76,92,831.1533070750802,11521.049888655529
76,93,421.2097319932998,4474.329836807282
76,94,624.6478668035286,9881.219940520059
76,95,816.1523691796305,10642.32353335448
76,96,895.8456219127025,12029.196845398417
76,97,412.2445406018756,6258.226402474474
76,98,636.9452875508022,8240.64065922409
76,99,620.0644012812269,9886.462507341994
76,100,534.6021826671982,5870.7255152889575
77,0,758.5305646887946,12372.952985030413
77,1,863.4354011517347,9501.994114414398
77,2,470.49944382232366,6633.125655675441
77,3,751.5072847505625,11337.19827601302
77,4,436.8367112708474,4567.075126351777
77,5,1253.4655777355108,18073.723594885334
77,6,630.6885508948259,8998.84078398932
77,7,230.0731507450387,2594.683486383072
77,8,778.8695568909773,7715.944035758823
77,9,660.0912758484769,10344.47801994886
77,10,829.224420679827,10709.562910841783
77,11,1181.7867123560536,18070.192978604253
77,12,548.6056325336413,8702.536546734467
77,13,210.9569221676069,1735.973437603772
77,14,462.36156391428864,5984.608431438405
77,15,1015.4672147962657,12849.2998894892
77,16,555.1677351468154,6840.95748096818
77,17,989.8066531563571,12124.3773720259
77,18,806.9829424329815,10204.304944573985
77,19,987.1958466044427,14519.577738752274
77,20,816.5189373612161,13108.081465713307
77,21,350.337881232062,3601.0208061434255
77,22,881.9277531933944,11171.166980506876
77,23,683.5294838614589,8073.325667604165
77,24,221.8464874605785,2523.1806284207605
77,25,429.36345803451286,5494.99448166055
77,26,295.5963093177099,3616.0767926197836
77,27,819.875980454346,9438.376769751543
77,28,1065.6746326562977,14106.767413451493
77,29,542.8210551785193,6255.824608208818
77,30,1023.9053105889313,13912.955144287398
77,31,712.28728748201,8286.801885826773
77,32,992.4503344458356,14666.713613631195
77,33,689.4823745283405,8745.872863493469
77,34,932.9860745955333,13988.58123064905
77,35,1008.1815216577054,13997.897828897638
77,36,531.0843774117218,6413.935847716959
77,37,381.6891512517583,3995.33035086443
77,38,436.86317998480365,6261.845425976534
77,39,1053.099764344611,13341.436169447572
77,40,358.1239104348556,4821.513476569973
77,41,532.3079438736996,5634.117166797474
77,42,990.4958118229902,11472.042351766446
77,43,565.8334489587538,6305.057452049356
77,44,645.8165286855262,7924.41534254658
77,45,665.5654354237864,6855.034619810663
77,46,1226.5571564812456,16353.341593929517
77,47,826.2832682055864,10992.821926401237
77,48,223.70594712550164,2496.1032126974446
77,49,823.7615895075957,11460.077361833455
77,50,811.9473120364235,11745.424907338709
77,51,856.2673728583217,12449.657883104872
77,52,752.7369117918696,9953.221066195758
77,53,937.7685274455641,15341.422806915898
77,54,557.4127447983988,8791.472104857774
77,55,952.4552028084316,14301.13364390074
77,56,710.4545684496431,8261.870172410347
77,57,838.9832149577526,13166.124415394866
77,58,1162.6698448303855,16050.855607160165
77,59,915.664572195648,11780.201638515853
77,60,793.6609221772667,10942.83064425088
77,61,786.9724713149751,10018.023797909433
77,62,602.0303152225898,7180.601477120086
77,63,478.8833368482094,6238.440393686055
77,64,1053.099764344611,13214.820597704327
77,65,865.3801290111221,12477.041272126427
77,66,942.7478014497254,12528.61494858422
77,67,715.2257624028836,9924.40493565364
77,68,294.88252141740674,3871.1238591023534
77,69,607.4752145070684,8103.0679775238605
77,70,919.8110187757868,11575.659777416466
77,71,686.0483594706487,8256.02048278785
77,72,573.1535866798522,5979.175475487772
77,73,824.4329318297935,11962.169075994321
77,74,1171.588621289622,15597.776698455973
77,75,858.7889287458582,9828.191966426819
77,76,796.7291631595034,10786.466067759124
77,77,0,0.0
77,78,317.72198094548924,3950.8209002549493
77,79,364.6999409742293,5554.31515965467
77,80,841.2961202319298,11272.18790312907
77,81,338.50810433919895,3513.479886422399
77,82,1103.3581133235036,16119.905657150251
77,83,757.8511424731518,11225.515846157545
77,84,1048.20608034711,15661.790529474643
77,85,1032.074852669024,13361.49119259868
77,86,98.49021826910385,1327.2214329638978
77,87,718.1355730100267,9181.073388466162
77,88,737.6242675294855,9209.48425475411
77,89,812.0666004375971,10506.25891469527
77,90,434.78824909350885,5736.109391961749
77,91,1071.5129798563655,13594.33189581301
77,92,912.6045427843827,14031.232211607896
77,93,958.9387518466148,12711.485325457526
77,94,840.6502247761438,11091.319474818256
77,95,992.7417402316734,12656.878149569004
77,96,916.0479798853177,13472.586858718565
77,97,443.5605735346185,6445.834242048756
77,98,501.1476455234175,6400.081897562957
77,99,812.0612002032578,10548.908320524166
77,100,735.1182155999409,11264.78406770288
78,0,1028.5881025283252,13177.112706733415
78,1,691.9929389912647,7369.910883581707
78,2,716.6028905562666,8526.061904058657
78,3,554.0914844707926,7388.6538897992
78,4,442.59424911037746,3697.940816847402
78,5,1222.7231155750408,15481.333282487321
78,6,953.746088734356,10394.65164065463
78,7,227.70325935968194,2152.4910274796894
78,8,557.5537566112071,5077.895250348897
78,9,846.3488136880071,10413.266845482423
78,10,566.608620400057,6835.937256146946
78,11,1151.0442501955836,15257.511762375652
78,12,818.6631703731717,9361.387506823163
78,13,313.78703078225016,3164.095455534691
78,14,823.619101753819,7776.012218035627
78,15,794.1514145164956,9285.973197147525
78,16,688.170000562162,6509.931556317252
78,17,886.9778251309615,9504.424930143517
78,18,736.3404802725117,8787.923598531164
78,19,1013.1533844439729,11556.703548113208
78,20,842.4764752007462,10862.912036740443
78,21,318.4954190715922,1997.698014311659
78,22,660.6119529136244,7694.6292310052795
78,23,446.81368358168857,4595.539832861618
78,24,406.0499341945216,4242.784942800504
78,25,613.517313437405,5878.73828278976
78,26,456.599756051653,4654.024228791925
78,27,598.5601801745759,6464.6320783988185
78,28,847.8321704958278,11000.7015120693
78,29,835.1785930180497,7566.518617816971
78,30,1049.8628484284613,11607.570659480345
78,31,470.7714872022402,4824.360270117181
78,32,1018.4078722853657,11916.53485525927
78,33,510.571846607727,5289.492821319449
78,34,735.5702743157634,10158.162680620613
78,35,810.7657213779355,10624.153725338889
78,36,764.7419152512522,7156.795360893927
78,37,452.99985347133867,3423.770654336019
78,38,687.420717824334,7143.756776257723
78,39,1102.2573021841413,12627.261562203337
78,40,143.50811015508563,1317.3935486025734
78,41,331.06548171322964,3611.419297337088
78,42,936.6533496625202,9768.847018953807
78,43,313.9909867982842,3029.8487748845173
78,44,368.60072840575594,4037.9607802261808
78,45,442.3229732633166,4155.757349032843
78,46,1075.1146943207755,13133.391925965958
78,47,574.9674679258163,7111.81941118177
78,48,173.96710452825616,1884.639276949643
78,49,1134.419127347126,12859.849366285376
78,50,897.7412108113299,11091.832706000256
78,51,1042.5249106978517,12462.370030964006
78,52,484.52111151209954,6003.980208185788
78,53,740.3527271657942,11463.904910871066
78,54,827.4702826379292,9409.333126752623
78,55,961.4127406479621,12946.811124632024
78,56,630.6057549291098,6935.384842137002
78,57,864.9407527972827,10817.297469669296
78,58,1028.327382669915,13145.046732208155
78,59,694.3487719158779,8221.834944210648
78,60,542.3451218974966,7026.721096297308
78,61,476.4566710352054,6075.97205096267
78,62,284.3145149428199,3232.3564978328436
78,63,840.1408746877397,8037.237391097875
78,64,1102.2573021841413,12555.85468261032
78,65,667.9643287313522,8566.162244530295
78,66,932.0053392892556,10123.073029600288
78,67,1038.783300242414,11585.145605601885
78,68,48.812630032049945,460.741056478966
78,69,712.3327523465988,7710.446301257938
78,70,860.368556615317,9678.01565007911
78,71,477.8142792529594,4855.300919607096
78,72,369.1111245193823,3827.749172497062
78,73,850.3904696693236,9626.579943932344
78,74,936.9461591291524,12288.411281679175
78,75,637.4731284660882,6833.245222624497
78,76,839.273714078461,9675.561849562495
78,77,317.52198094548936,3950.8209002549493
78,78,0,0.0
78,79,615.3033877081725,7217.914417349308
78,80,1170.941217996516,12755.417864735204
78,81,318.91640832204513,1908.5375587081576
78,82,905.9423130437336,12701.63536528515
78,83,1027.9086803126822,12298.779705191493
78,84,850.7902800673403,11999.9816372422
78,85,834.6590523892542,9609.762638440321
78,86,233.62032688374714,2641.1890621730545
78,87,717.2931108495569,8143.927506048707
78,88,419.9084672497151,5258.731006873996
78,89,741.4241382771273,8869.672684389545
78,90,220.17244881373884,2054.6344326390454
78,91,850.1971795765951,10087.152223236892
78,92,715.1887425046128,10161.477216800919
78,93,948.196289686145,10208.668788745772
78,94,611.6344244963738,7225.725514149858
78,95,795.3259399519035,8792.785528868151
78,96,718.6321796055478,9543.58350984046
78,97,747.518111374149,7827.720658735707
78,98,279.83184524364776,2724.173982174105
78,99,540.1453999234884,6660.324864959931
78,100,1005.1757534394714,12197.918744058301
79,0,483.695874371662,6849.460898380549
79,1,601.8007108346017,7374.954295370574
79,2,132.5541887043071,1313.449160145522
79,3,931.8886915132464,13120.036389836258
79,4,347.16636917518446,4100.899126566768
79,5,979.6308874183776,15412.18904005883
79,6,269.2538605776928,3452.4384957413718
79,7,521.2545575077221,7428.818165022051
79,8,787.1509636536605,7028.930142897432
79,9,386.256585531344,5309.2203657550235
79,10,795.4058274425107,11921.314975617812
79,11,907.9520220389205,15783.654258940864
79,12,273.7709422165084,3394.36253096879
79,13,502.1383289302902,7092.669137694595
79,14,102.82687359715558,565.1220965279831
79,15,931.4591863598322,12696.711810847075
79,16,293.42248002879904,3356.656793974186
79,17,715.9719628392246,10160.343816532639
79,18,533.1482521158488,6865.308945636511
79,19,713.36115628731,12826.711889078728
79,20,542.6842470440833,10394.824780616946
79,21,457.9902729488149,5318.628343512662
79,22,848.1091599560782,11047.134050931114
79,23,702.3108906241424,8680.295768568358
79,24,241.1910140449256,3270.442127687188
79,25,171.3182029164964,2146.0883486660014
79,26,206.1510541996934,2565.433942941082
79,27,691.8573872170294,8685.082476091817
79,28,791.8399423391648,12741.818858251549
79,29,162.90219476924102,838.961191855096
79,30,750.0706202717988,11184.07793415601
79,31,690.4686942446939,8796.346473226577
79,32,718.6156441287028,12570.944174281178
79,33,655.6637812910243,9109.793704908245
79,34,1020.9674813582169,14625.672857796018
79,35,806.9288025585993,13226.998640635846
79,36,247.43912229370508,1658.174670669519
79,37,378.397060513792,4021.4748493168318
79,38,153.2179248667871,1401.2023827282528
79,39,779.2650740274779,8715.794161621754
79,40,627.8053171975388,6989.131814210565
79,41,437.1788875897954,5407.392089700765
79,42,716.6611215058579,8251.316466234735
79,43,586.0881938407376,7272.691319541298
79,44,903.4120333781988,10772.410301176675
79,45,557.7201803057699,6685.149266070081
79,46,952.7224661641129,14999.508343947686
79,47,817.26467496827,12206.07634282667
79,48,514.887353888185,7119.239562522541
79,49,462.3268991904627,5936.920939228964
79,50,538.1126217192905,7220.169983441288
79,51,582.4326825411888,7288.45359809925
79,52,967.1183185545533,12104.864540431881
79,53,1115.949934208248,16118.380228745955
79,54,282.57805448126584,3502.5760644518173
79,55,678.6205124912991,10264.137460599199
79,56,452.40931333162655,5424.884532668665
79,57,565.1485246406198,10602.728444385222
79,58,888.8351545132521,14094.904643048105
79,59,881.8459789583318,11763.036463964423
79,60,854.0423289399504,12383.650827137217
79,61,911.5670563834032,11822.343343180004
79,62,850.9117219852734,9724.87212746786
79,63,119.34864653107635,820.2494580622531
79,64,779.2650740274779,8547.497360118125
79,65,921.661535773806,13713.630623780413
79,66,668.9131111325929,10149.776303955676
79,67,353.7910720857506,4476.121029941395
79,68,586.06392818009,6810.558213725882
79,69,333.6405241899356,4065.1715112045954
79,70,645.9763284586544,8605.693629591184
79,71,690.8297662333322,8650.629758878837
79,72,426.83855822469246,5635.895240413309
79,73,550.5982415126609,9569.66161101908
79,74,897.7539309724893,14511.159791406591
79,75,708.270335508542,9007.140161212195
79,76,522.8944728423702,6927.900453744989
79,77,364.6999409742294,5554.31515965467
79,78,608.9033877081729,7217.914417349308
79,79,0,0.0
79,80,479.86142991479664,5770.148079667276
79,81,463.11361536449834,5375.463050264636
79,82,983.4500848870704,15246.786205681914
79,83,421.6164521560189,5673.389504998787
79,84,1013.998051910676,15512.55339197009
79,85,1179.2562594317078,13736.694718055602
79,86,389.67162503178724,5705.323519414888
79,87,444.30088269289394,5616.928507266302
79,88,907.5056742921689,11369.16658958173
79,89,538.2319101204645,7394.561069970464
79,90,675.7696558561921,7637.470015421239
79,91,854.3049514199317,13200.849520641956
79,92,1046.6240848898065,14864.713383833528
79,93,685.1040615294822,10458.940968296058
79,94,823.0316315388276,12211.623890105799
79,95,1017.8231469943569,13588.179793171454
79,96,1094.229386648001,14778.602560626841
79,97,82.12588321748558,936.5384270641106
79,98,731.2290522861013,8005.336936364724
79,99,818.4481660165259,11862.765768163494
79,100,445.28352528280806,5728.972260291119
80,0,249.5690487535344,2352.6818824420266
80,1,882.8738852164742,9938.34087257482
80,2,464.8503679620074,4644.313039666707
80,3,1260.1724306960018,17499.28117275654
80,4,796.0751953355866,9206.622824244772
80,5,1260.7040618002504,15600.223569401149
80,6,305.1270349595654,2365.5089223698324
80,7,988.1382966904788,13186.413491028761
80,8,1167.9347028364173,10898.37520512842
80,9,450.0297599132166,4402.091782094329
80,10,1123.6895666252665,16076.149137470484
80,11,1189.0251964207932,16385.99593946942
80,12,382.6441165983809,3779.5482040568936
80,13,969.0220681130468,12856.295598728426
80,14,487.4124880539725,5295.132887680091
80,15,1212.5323607417056,15794.583852128057
80,16,706.9509467873712,6865.290325924178
80,17,997.0451372210969,12067.0783703835
80,18,814.2214264977213,8245.562094221932
80,19,994.4343306691825,14497.986076017489
80,20,823.7574214259558,11390.84997928047
80,21,924.8740121315712,10769.491764164359
80,22,1186.0157237433104,14411.712560581238
80,23,1029.5858960428309,12953.547813535353
80,24,721.2747532276818,9036.828102313655
80,25,584.9982596626145,6919.628510998849
80,26,673.0347933824495,8224.938320238722
80,27,1034.6411263997857,12046.114673088618
80,28,1072.9131167210373,14758.512453129453
80,29,575.0595392432591,5229.15648746664
80,30,1031.143794653671,11979.367554854045
80,31,1018.7524334274498,12990.124174234887
80,32,999.6888185105753,13849.251140442317
80,33,983.9475204737802,13154.43849200753
80,34,1313.151220540972,18110.766662915397
80,35,1088.0019769404723,15729.239607174779
80,36,555.9228614764614,5629.691930250499
80,37,819.4807996965478,9354.86159203896
80,38,522.9016640495432,5617.117666215024
80,39,683.7382484093503,7050.377787400473
80,40,1028.1846307587646,12259.22251862281
80,41,840.2626267725515,10097.224099482875
80,42,969.3342958877301,9222.956469937371
80,43,989.1719330234937,12020.613491229236
80,44,1278.8957725609553,15874.407274627458
80,45,960.803919488526,10986.743963849522
80,46,1233.7956405459852,16716.85663952148
80,47,1145.5484141510258,16330.310971075405
80,48,981.7710930709416,12867.126318337034
80,49,67.80007357233544,311.1346311394793
80,50,579.685796101163,6400.175748574335
80,51,413.90585692306155,4659.5382841450755
80,52,1302.0020577373089,16774.33907833023
80,53,1444.233673391004,19577.759037109012
80,54,391.45122886313834,3796.2177442556276
80,55,861.2936868731715,9332.89851451524
80,56,749.2930525143823,8151.451724372332
80,57,846.2216990224923,11732.340040195557
80,58,1169.9083288951251,15292.867945393033
80,59,1210.1297181410878,15097.588314116252
80,60,1182.3260681227061,16628.46497142937
80,61,1239.8507955661585,16331.938612759772
80,62,1246.89546116803,14793.127893192186
80,63,503.93426098789325,5036.850915227068
80,64,683.7382484093503,6842.265774301613
80,65,1249.9452749565612,17701.874465729965
80,66,949.9862855144652,11604.65328634437
80,67,126.0654726763308,1391.0829318988517
80,68,1052.9476673628462,12316.261528353109
80,69,604.7136985718081,6274.82130666831
80,70,904.4495028405267,9786.210648285569
80,71,1038.695225478169,12804.39473833624
80,72,829.9222974074486,10182.204125260585
80,73,831.6714158945332,11158.064391135229
80,74,1178.8271053543617,16551.869199946177
80,75,1058.254074691298,12236.802304223507
80,76,700.3676472242429,7509.3895486156225
80,77,807.6961202319302,11272.18790312907
80,78,1171.7412179965158,12755.417864735204
80,79,478.6614299147969,5770.148079667276
80,80,0,0.0
80,81,929.9973545472546,10850.608437839188
80,82,1264.5232592689424,17404.240129518294
80,83,196.2896265378915,1326.6708802718563
80,84,1295.071226292549,18288.26292223479
80,85,1507.5399986144628,17117.135888022836
80,86,856.5553642145435,11472.880958783817
80,87,719.8740570747663,7356.677962966552
80,88,1270.9894134749247,16107.770277462776
80,89,819.3050845023369,8841.703557305329
80,90,1078.8533950389485,12712.88332644744
80,91,1135.3781258018048,16034.20317712769
80,92,1338.8078240725613,18471.215509327674
80,93,966.1772359113545,11983.068856592243
80,94,1151.315370721583,16276.963792369945
80,95,1323.8068861771123,17383.86989449356
80,96,1422.513125830757,18720.87024137727
80,97,438.5114976743023,4983.791530458597
80,98,1134.3127914688562,12901.526693495638
80,99,1146.7319051992815,16086.220227387248
80,100,219.75669966468058,1757.791169418782
81,0,786.5442390790638,11284.912895964251
81,1,617.5490755420036,6247.775510113924
81,2,578.6131182125926,6688.745851139305
81,3,723.9476210215316,8371.756703923773
81,4,172.75038566111633,1854.2611685509605
81,5,1204.9792521257796,14712.092516785086
81,6,711.7022252850948,8491.944741748017
81,7,314.7627208726917,3118.3064145560884
81,8,537.109893161946,4251.231579104777
81,9,617.4049502387458,8587.244223702233
81,10,587.464756950796,7500.060959165586
81,11,1133.3003867463224,14638.73291923459
81,12,576.6193069239105,7463.579352413746
81,13,366.2464922952598,3638.3270420476542
81,14,562.3752383045577,5938.785330432856
81,15,773.7075510672345,9376.03228586519
81,16,385.78140953708447,4688.877769379306
81,17,935.1203275466264,8721.033578887618
81,18,661.8966168232506,7344.798830193898
81,19,938.7095209947117,11041.4002947338
81,20,768.0326117514851,9853.577506910591
81,21,12.051555622331044,121.28885791001838
81,22,640.1680894643632,7683.6972802998
81,23,441.7698201324275,4622.385208233677
81,24,253.5601618508474,2688.1700222804916
81,25,374.07344998814386,3971.5820792204254
81,26,297.90998370797894,2838.3775287591925
81,27,578.1163167253147,5936.079242032385
81,28,967.0883070465662,10604.802172952366
81,29,593.1347295687882,5677.41375551674
81,30,975.4189849792003,10639.714749600264
81,31,473.62762375297916,4826.211707633594
81,32,943.9640088361045,11240.453831272438
81,33,447.7227107993094,5275.683295058906
81,34,813.0264108665021,10674.2534989179
81,35,890.3771672660015,10487.328084919522
81,36,535.7980518019907,5248.280499629231
81,37,157.55599002207754,1519.0412379765703
81,38,445.37685437507264,5236.529139686225
81,39,1010.4134387348797,10995.99821070353
81,40,182.2642467058245,1732.5937568025893
81,41,234.62161826396851,2277.4697471680597
81,42,862.2094862132592,8466.081916350087
81,43,269.44712334902306,2847.5563703279513
81,44,550.506098813179,5497.648538041254
81,45,367.87910981405537,3361.9203039265276
81,46,1178.0708308715145,12843.47833704673
81,47,609.3236044765553,7791.175247838452
81,48,263.3265660412659,2739.677565462397
81,49,892.3752638978649,10952.666111209817
81,50,769.2609864266923,9427.866186839385
81,51,813.5810472485905,10662.97929916352
81,52,648.7772480628382,7135.926854771522
81,53,908.0088637165333,12082.293607125283
81,54,585.426419188668,7514.2717216829915
81,55,886.968877198701,11532.7711009984
81,56,480.3682428399121,5412.66352216091
81,57,790.4968893480216,9868.90481852167
81,58,1114.1835192206545,12589.668874310768
81,59,673.9049084666168,8311.441851808477
81,60,646.1012584482356,7823.015711724274
81,61,625.5128075859443,7027.138834481263
81,62,459.3706514935587,4508.162661859937
81,63,578.8970112384784,6195.39672233337
81,64,1010.4134387348797,10908.504064310655
81,65,713.7204652820913,9316.796480015311
81,66,888.0614758399947,9203.413021676579
81,67,796.7394367931524,9692.897191212582
81,68,140.5103108630743,1465.697272305812
81,69,483.3888888973373,5929.922385081444
81,70,785.9246931660558,8467.620674982569
81,71,444.2886957416175,4778.249513388594
81,72,275.4672610701212,2595.4351019473575
81,73,775.9466062200624,8658.701058916507
81,74,1056.202295679891,12084.297465812873
81,75,617.029265016827,6325.549412635147
81,76,746.1428375497721,8133.05548585056
81,77,338.508104339199,3513.479886422399
81,78,318.9164083220451,1908.5375587081576
81,79,462.81361536449845,5375.463050264636
81,80,928.8973545472546,10850.608437839188
81,81,0,0.0
81,82,1025.198449594472,12610.745379821803
81,83,785.864816863421,10392.218939941251
81,84,952.4464166180786,12213.126508680965
81,85,971.3151889399929,9978.504750702254
81,86,229.17978839675692,2326.8166557664895
81,87,578.9492474002956,6547.733477153075
81,88,584.164603800454,6374.02340435733
81,89,666.9802748278662,7522.272117092678
81,90,284.2285853644777,2573.33405342145
81,91,829.753316127334,10103.304000845492
81,92,838.6830143980919,10770.18960441823
81,93,904.252426236884,9352.01204188506
81,94,615.0905610471128,7861.110468779333
81,95,809.8820765026421,9401.412792423676
81,96,886.2883161562868,10355.648137087808
81,97,505.47424792488744,5941.195236720261
81,98,339.6879817943864,3149.0871487768027
81,99,610.5070955248111,7370.938057324499
81,100,763.1318899902101,10295.926337252953
82,0,1084.7701438007523,15940.382791610811
82,1,704.6749802636916,7919.800976428446
82,2,999.5390229342804,16116.589130373022
82,3,469.7735257432203,7520.478253461625
82,4,992.476290382805,12111.77888700662
82,5,408.2692584215117,5608.165128479478
82,6,1012.1281300067831,15987.272630624311
82,7,989.5393917376962,14851.414988860624
82,8,733.5357978836344,8608.012963748712
82,9,796.0308549604341,13006.822981390163
82,10,476.2906616724846,6703.882295631136
82,11,317.9903930420546,4502.993154810651
82,12,853.4392464577058,14058.218889459013
82,13,970.7231631602639,15834.389981659737
82,14,964.5011430262457,15640.724338324691
82,15,323.4334557889233,3493.4469802383946
82,16,985.7520418345895,11936.036823424956
82,17,522.4462322683149,5356.9745620474
82,18,751.6225215449399,9189.352929850087
82,19,471.93542571640086,3018.117232695473
82,20,574.2585164731739,6213.401397097849
82,21,1000.7774603440197,12529.427398972193
82,22,464.41681879052845,5007.514448331775
82,23,662.986991090049,8124.6698122196185
82,24,1106.1758482748996,14706.923846748114
82,25,969.8993547098322,13151.41669851446
82,26,1057.935888429667,14038.115279431642
82,27,619.5422214470033,6810.779393962416
82,28,245.51421176825554,2647.143602286497
82,29,959.4606342904766,14789.080440345751
82,30,508.66157314574644,5891.617317628373
82,31,652.1535284746678,7899.249462088231
82,32,443.1899135577934,3941.5907242038015
82,33,635.5538878801547,7431.769009308962
82,34,376.052315588191,4307.6561256757805
82,35,234.00307198769048,2125.9638244247694
82,36,940.8239565236792,13766.32433910104
82,37,1039.1818947437662,12600.498172472671
82,38,907.8027590967608,13994.372070441206
82,39,968.8393434565689,11501.937925549892
82,40,902.8901514275129,11482.894048949349
82,41,847.2637218197692,10712.991642052995
82,42,866.0353909349483,8206.56739263594
82,43,740.5730280707118,9844.37042904493
82,44,649.9827696781838,10495.058965652208
82,45,762.8050145357437,9349.070940771018
82,46,182.160837167247,1384.3771819218066
82,47,482.0495091982441,6563.755129621978
82,48,980.672188118159,14581.079441842428
82,49,1192.4011686195524,17261.398875908486
82,50,764.3232520837577,11286.99133066507
82,51,971.6069596792939,13523.514010397637
82,52,534.4031527845273,8636.798804708973
82,53,444.7988700122651,4666.529558898444
82,54,844.6321341935937,13985.198384419775
82,55,712.8947819203893,9545.748954322304
82,56,832.1877962015377,9920.090964571955
82,57,596.7227940697104,5834.51317245951
82,58,346.4094239423426,3158.8352347767377
82,59,397.13081318830547,4513.624644496855
82,60,477.68847823701645,6976.428170094343
82,61,531.9518906133769,7985.677588781704
82,62,727.5025034256446,10321.547740619782
82,63,981.0229159601664,15753.186797104287
82,64,968.8393434565689,11645.2429166293
82,65,412.84637000378007,6050.7584987262635
82,66,531.8873805616831,5822.670030427965
82,67,1117.0653415148406,17162.66044782729
82,68,957.8487624100646,12543.673587649522
82,69,840.1147936190265,11691.589901468138
82,70,704.7780764254347,7630.962281217092
82,71,672.096320525387,7898.949128157768
82,72,816.1931657918096,10369.083605469925
82,73,559.9725109417516,6246.282260625311
82,74,118.82820040157995,876.4169383213224
82,75,635.2551697385156,6433.726543303104
82,76,705.8557553508888,9905.87770893739
82,77,1086.4581133235035,16119.905657150251
82,78,909.0423130437341,12701.63536528515
82,79,948.4500848870699,15246.786205681914
82,80,1228.9232592689423,17404.240129518294
82,81,1001.1984495944725,12610.745379821803
82,82,0,0.0
82,83,1085.8907215851088,16166.55038755231
82,84,207.27232133976716,2048.478506872734
82,85,573.7410936616816,3934.2966247075897
82,86,1052.056459261761,14869.168728932702
82,87,731.9751521219846,10241.318085749459
82,88,617.8905085221429,8900.213956914675
82,89,756.7061795495555,8582.79104981092
82,90,858.7544900861661,10648.601450515223
82,91,246.3792208490228,2647.19008684417
82,92,401.70891911978066,4792.780116248042
82,93,548.0783309585725,5441.866321619951
82,94,444.3164657688014,6363.842515337958
82,95,386.70798122433064,5341.119518013119
82,96,556.3783224520186,6054.956270862355
82,97,888.4001526465757,14982.448066862398
82,98,836.3138865160752,9977.726753672707
82,99,498.73300024649996,6944.165993318895
82,100,1063.1577947118978,15775.543601249303
83,0,172.33651106970078,1337.730084086464
83,1,739.8413475326407,8838.988747937266
83,2,472.10539020322983,4756.052329772938
83,3,1117.1398930121688,16590.962223427417
83,4,653.0426576517531,8653.456022742152
83,5,1117.6715241164168,14274.235149094155
83,6,227.8944972757318,2289.4956027643034
83,7,845.105759006645,12938.18403082007
83,8,1024.9021651525834,9985.24854364726
83,9,306.99722222938294,3167.203540607638
83,10,980.6570289414332,15132.258306872225
83,11,1045.9926587369596,15065.680255026342
83,12,239.6115789145472,2991.60205263984
83,13,825.989530429213,12721.739446228932
83,14,437.0675102951946,5285.389341342509
83,15,1069.4998230578713,14673.751030594965
83,16,563.9184091035377,6097.932316616131
83,17,854.0125995372634,10849.590461139655
83,18,671.1888888138878,7053.0682277161295
83,19,851.4017929853491,13237.71506617275
83,20,680.7248837421224,10108.281797067164
83,21,781.8414744477375,10301.081781733614
83,22,1042.9831860594768,13344.778892762164
83,23,886.5533583589975,12078.137816183156
83,24,578.242215543848,8855.692119274878
83,25,441.9657219787807,6420.670280167277
83,26,530.0022556986158,7939.18283650841
83,27,891.6085887159521,11015.549443004551
83,28,929.8805790372039,13524.838789191648
83,29,432.0270015594257,4993.4985758102175
83,30,888.1112569698377,10680.940155486005
83,31,875.7198957436163,12096.73290646334
83,32,856.6562808267419,12566.19402325321
83,33,840.9149827899467,12227.094080266263
83,34,1170.118682857138,17027.757802133103
83,35,944.9694392566383,14535.973703639183
83,36,412.8903237926276,5154.109101455807
83,37,676.4482620127143,8875.009161288752
83,38,379.8691263657095,5200.908499816247
83,39,549.4057107255167,5732.159877910517
83,40,885.152093074931,11683.416115988686
83,41,697.2300890887179,9392.736517023963
83,42,826.3017582038965,7966.811950080485
83,43,846.1393953396602,11280.208711494119
83,44,1135.8632348771218,15186.623177853024
83,45,817.7713818046925,10161.354294803565
83,46,1090.763102862152,15447.758720305632
83,47,1002.5158764671925,15377.456812128874
83,48,838.7385553871078,12599.772759310375
83,49,145.36753588850175,1114.680557588311
83,50,436.65325841732925,5084.709654061246
83,51,279.57331923922794,3354.5609007771955
83,52,1158.9695200534754,15944.731428160974
83,53,1301.2011357071713,18481.226161302453
83,54,248.4186911793047,2971.21026880092
83,55,718.2611491893377,8008.02706897646
83,56,606.2605148305489,7145.925578069944
83,57,703.1891613386589,10455.285896573447
83,58,1026.8757912112912,13998.13999216259
83,59,1067.097180457254,14018.061794485804
83,60,1039.2935304388727,15698.121080028537
83,61,1096.818257882325,15465.696710164806
83,62,1103.8629234841962,14105.608535301872
83,63,453.5892832291154,5052.455564083317
83,64,549.4057107255167,5523.6430891466125
83,65,1106.9127372727285,16709.404046550942
83,66,806.9537478306318,10352.768751378026
83,67,220.92049491755293,2052.1532425775245
83,68,909.9151296790124,11847.796533255276
83,69,461.6811608879744,5327.904393052381
83,70,761.4169651566931,8537.250361968341
83,71,895.6626877943355,11905.846187961197
83,72,686.889759723615,9438.623093386366
83,73,688.6388782106998,9923.151104421684
83,74,1035.7945676705283,15308.663637622843
83,75,915.2215370074643,11181.758841993993
83,76,557.3351095404092,6260.752941992573
83,77,733.7511424731521,11225.515846157545
83,78,1028.7086803126822,12298.779705191493
83,79,421.0164521560191,5673.389504998787
83,80,196.28962653789145,1326.6708802718563
83,81,786.9648168634209,10392.218939941251
83,82,1121.4907215851092,16166.55038755231
83,83,0,0.0
83,84,1152.0386886087151,17108.367446593587
83,85,1364.50746093063,16025.625677618358
83,86,713.5228265307097,11271.885806647026
83,87,576.8415193909327,6247.960907055016
83,88,1127.9568757910915,15303.717580347391
83,89,676.2725468185034,7638.370809206911
83,90,935.8208573551149,12058.101572575988
83,91,992.3455881179708,14876.780700418782
83,92,1195.7752863887274,17405.034143845613
83,93,823.1446982275211,10732.574193491831
83,94,1008.28283303775,15312.677882926588
83,95,1180.7743484932785,16358.333870324583
83,96,1279.4805881469242,17711.821826022246
83,97,360.9665199155245,4785.608711233242
83,98,991.280253785024,12186.520886176188
83,99,1003.6993675154483,15156.7645843004
83,100,32.124161980847,431.4979334746104
84,0,1154.2181108243583,17025.078845472384
84,1,705.7229472872978,8452.98485157715
84,2,1068.9869899578869,16500.69752422357
84,3,426.92149276682625,5941.335673344711
84,4,933.8242574064111,12016.816308521837
84,5,609.9531238710741,7650.413441167375
84,6,1081.5760970303893,16670.30825891078
84,7,946.6873587613021,14112.193712747832
84,8,674.8837649072404,8569.513878894317
84,9,865.4788219840403,13945.603976374648
84,10,433.4386286960905,5454.123953444731
84,11,519.6742584916171,6550.487721291256
84,12,922.8872134813121,14758.74654360694
84,13,927.8711301838698,15164.074829235064
84,14,1033.9491100498517,15955.759262601643
84,15,313.3814228125293,2870.305558463185
84,16,990.2000088581954,12319.832232707187
84,17,580.6941992919209,6312.071350170582
84,18,821.0704885685461,10055.304919053633
84,19,541.3833927400071,4551.21734341295
84,20,643.7064834967797,7559.384462677663
84,21,942.1254273676258,12147.460185410484
84,22,405.7647858141344,4581.679300891287
84,23,604.3349581136548,7594.623375054334
84,24,1146.523815298506,14538.267884886036
84,25,1003.7473217334386,13372.545259790882
84,26,1090.9838554532737,14001.182823652176
84,27,600.9143121720736,6834.445287353647
84,28,314.96217879186173,3880.854402069392
84,29,1028.908601314083,15152.510068078735
84,30,578.1095401693526,7407.024882066082
84,31,593.5014954982737,7387.3175014441595
84,32,544.6378805813996,5584.6320361863645
84,33,576.9018549037605,6938.553105694991
84,34,242.50028261179682,2484.907217246919
84,35,235.0510390112965,2592.4699255671794
84,36,1010.2719235472854,14149.063446707198
84,37,980.5298617673722,12449.517744295468
84,38,977.2507261203671,14357.849643507354
84,39,1038.2873104801752,12870.454087544185
84,40,844.238118451119,10880.29321570261
84,41,788.6116888433753,10566.598893526274
84,42,935.4833579585545,9284.110392833374
84,43,681.9209950943178,9369.995191879878
84,44,607.1307367017897,9272.27878707576
84,45,704.1529815593498,9163.308333055435
84,46,376.54470261680945,3422.193319644424
84,47,439.19747622185,5250.841029071342
84,48,937.820155141765,13879.860850459932
84,49,1261.8491356431587,18174.772102428753
84,50,833.7712191073639,12445.672027657876
84,51,1041.0549267029003,14717.6383091586
84,52,491.5511198081333,7222.862078302878
84,53,306.48273546182764,2619.159544471626
84,54,914.0801012172,14698.79632597155
84,55,782.342748943995,11091.102020825732
84,56,833.0357632251429,10419.675314620366
84,57,666.1707610933162,7175.087707027873
84,58,465.95739096594866,5104.273677329782
84,59,338.47878021191144,3911.6946378946036
84,60,434.8364452606224,5581.6605608175205
84,61,489.09985763698296,6654.914253760823
84,62,684.6504704492505,9286.305520638916
84,63,1050.4708829837725,16098.056731641322
84,64,1038.2873104801752,12993.598846052935
84,65,369.994337027386,4390.221101875397
84,66,581.3353475852894,6987.690202114049
84,67,1186.5133085384468,17902.58259265262
84,68,914.9967294336706,11912.013444381033
84,69,909.5627606426327,12286.008201315275
84,70,789.5260434490411,8698.896894177176
84,71,613.4442875489929,7438.47638565951
84,72,757.5411328154157,10241.686359682679
84,73,629.4204779653573,7289.7792070874175
84,74,238.376167425186,2656.7459092491026
84,75,636.3031367621218,6505.446534290753
84,76,775.303722374495,10910.852925666431
84,77,1043.6060803471096,15661.790529474643
84,78,866.19028006734,11999.9816372422
84,79,1017.8980519106761,15512.55339197009
84,80,1298.3712262925485,18288.26292223479
84,81,942.5464166180786,12213.126508680965
84,82,202.27232133976713,2048.478506872734
84,83,1155.338688608715,17108.367446593587
84,84,0,0.0
84,85,498.78906068528755,2488.8540263702653
84,86,1009.2044262853669,14363.835681927598
84,87,801.4231191455908,10963.269390686917
84,88,575.0384755457488,7617.577705968314
84,89,826.1541465731617,9473.464172306592
84,90,800.1024571097722,9990.886294951515
84,91,247.42718787262882,2319.996050880968
84,92,293.4568861433865,2901.5676274905304
84,93,597.5262979821787,6620.412565891134
84,94,401.4644327924073,5071.69026416642
84,95,308.4559482479367,3753.356871660631
84,96,418.06218790158096,4181.942533355117
84,97,957.848119670182,15369.208688740619
84,98,777.6618535396813,9312.048773287457
84,99,455.8809672701059,5684.13550404218
84,100,1132.605761735504,16739.83735924516
85,0,1038.0678983056855,16126.701984096766
85,1,651.372734768625,7187.143135835741
85,2,952.8367774392137,14820.260287054813
85,3,297.6712802481534,3587.5674862668743
85,4,804.5740448877384,9997.73340303792
85,5,573.7029113524013,9026.69221479492
85,6,965.4258845117164,15293.288203714288
85,7,817.437146242629,11696.016426351049
85,8,545.6335523885679,6707.855794381002
85,9,749.3286094653674,12924.345941960246
85,10,304.18841617741765,2965.4097773843246
85,11,502.0240459729443,8129.8293029908355
85,12,806.7370009626392,13436.456021130332
85,13,798.6209176651967,12769.094811337196
85,14,917.798897531179,14218.382047507866
85,15,191.33121029385654,1481.081000934293
85,16,860.9497963395228,10721.654529924257
85,17,502.94398677324835,5780.805764201286
85,18,704.9202760498732,9085.567259552456
85,19,425.23318022133424,5105.228394364543
85,20,527.5562709781077,7414.655007075224
85,21,812.8752148489529,9923.406214221517
85,22,276.5145732954616,2736.93707964458
85,23,475.08474559498194,5375.40090770396
85,24,1017.2736027798327,12425.778735373095
85,25,874.497109214766,11593.737750408902
85,26,961.7336429346009,11993.254063184633
85,27,471.6640996534007,5152.513811829136
85,28,198.81196627318892,4243.780410544228
85,29,912.7583887954099,13473.213376572485
85,30,461.9593276506798,7533.310367634653
85,31,464.25128297960083,5189.370147890515
85,32,428.48766806272687,6118.153714186059
85,33,447.6516423850877,4775.89392282898
85,34,150.85007009312403,1016.187631453316
85,35,161.74551715529648,2804.77849916945
85,36,894.1217110286125,12506.872792464965
85,37,851.2796492486992,10379.494639699311
85,38,861.1005136016942,12692.899551637445
85,39,922.1370979615021,12475.196261299183
85,40,714.987905932446,8546.512646327526
85,41,659.3614763247026,8540.233106926938
85,42,819.3331454398815,8631.104012165275
85,43,552.6707825756449,7136.021757137982
85,44,477.8805241831169,6785.085306688159
85,45,574.9027690406772,7148.410434489532
85,46,426.0944900981367,5043.055983241729
85,47,309.9472637031771,2764.325306557489
85,48,808.5699426230922,11478.73794754219
85,49,1145.6989231244859,17040.675465408527
85,50,717.6210065886909,11757.938929053138
85,51,924.9047141842271,14015.355155783433
85,52,362.30090728946044,4771.658626166137
85,53,351.03252294315485,2461.529557549476
85,54,797.9298886985271,13392.46735950379
85,55,666.1925364253226,11045.878536780418
85,56,703.7855507064703,9007.736614657559
85,57,550.0205485746442,7059.843882827068
85,58,379.30717844727593,6255.455778182287
85,59,209.2285676932386,2028.8780452052788
85,60,305.5862327419496,3114.8592038875345
85,61,359.8496451183101,4176.571434007903
85,62,555.4002579305777,6809.832973818957
85,63,934.3206704650997,14386.355234036526
85,64,922.1370979615021,12563.620031486791
85,65,240.744124508713,2137.920714032821
85,66,517.1851350666166,6646.805610228507
85,67,1070.363096019774,16570.036946573175
85,68,785.7465169149976,9553.442227673595
85,69,793.4125481239598,10909.395039477833
85,70,677.6758309303685,8072.361792291444
85,71,484.19407503032005,5276.582335393083
85,72,628.290920296743,8239.523757363211
85,73,513.270265446685,6753.398252441649
85,74,287.92595490651325,4066.81337516927
85,75,452.2643417795868,4907.4083004144395
85,76,659.153509855822,10076.397399269597
85,77,914.3558678284364,13361.49119259868
85,78,736.9400675486671,9609.762638440321
85,79,901.7478393920032,13736.694718055602
85,80,1182.2210137738757,17117.135888022836
85,81,813.2962040994057,9978.504750702254
85,82,256.92210882109435,3934.2966247075897
85,83,1039.188476090042,16025.625677618358
85,84,201.77007584470041,2488.8540263702653
85,85,0,0.0
85,86,879.9542137666938,12047.799195017098
85,87,685.2729066269179,9778.136601750843
85,88,445.788263027076,5133.959248047995
85,89,710.0039340544888,8566.815696375374
85,90,670.8522445910992,7640.346497969985
85,91,225.47697535395602,1871.0218443860424
85,92,201.80667362471362,1479.418488185605
85,93,533.376085463506,6341.627141577554
85,94,272.21422027373444,2583.177223634147
85,95,198.60573572926393,1412.9048391793083
85,96,403.1119753829084,2417.1714175217962
85,97,841.6979071515091,13708.65682180921
85,98,648.4116410210082,6967.2773255829525
85,99,326.63075475143296,3195.331236554032
85,100,1016.4555492168313,15691.312399047578
86,0,721.6300703873248,12334.748513589951
86,1,772.7349068502648,8511.412645928998
86,2,497.57112787988166,6917.83697615939
86,3,692.0056306888202,10018.344864514522
86,4,327.9362169693773,3712.7104363048693
86,5,1254.5650834340408,17024.516813053575
86,6,646.7880565933558,9134.041823941156
86,7,162.77149668329645,1748.68478951532
86,8,694.7679028292348,6577.83040889427
86,9,661.190781547007,10023.076774756431
86,10,745.1227666180845,9382.802117634512
86,11,1182.8862180545837,16964.47961059626
86,12,511.70513823217135,8555.846799465966
86,13,151.45526810586466,1543.863937668679
86,14,489.43324797184664,6206.458300074067
86,15,931.3655607345232,11565.042724636285
86,16,498.7672408453456,6297.211099028387
86,17,990.9061588548872,11040.624984907867
86,18,808.0824481315116,9417.170861599383
86,19,988.2953523029728,13366.233412512023
86,20,817.6184430597461,12126.095367486254
86,21,241.20956528961986,2429.9329639680777
86,22,797.826099131652,9898.393879664778
86,23,599.4278297997164,6787.280696438851
86,24,188.6459931591085,2436.060223136141
86,25,372.9629637330429,5132.671091785507
86,26,239.19581501623998,3356.2911895836983
86,27,735.7743263926035,8253.223107031603
86,28,985.7463167138554,12919.042727484064
86,29,528.2205608770495,6287.513654254272
86,30,1025.0048162874614,12920.564201320289
86,31,628.1856334202681,7004.283385995401
86,32,993.5498401443656,13565.112147449785
86,33,605.3807204665981,7466.829461456278
86,34,873.4844205337911,12665.721201859156
86,35,948.6798675959632,12752.270419507742
86,36,474.68388311025177,6230.200264843303
86,37,312.7418213303385,3165.66004783997
86,38,380.4626856833337,6124.858497101452
86,39,1054.199270043141,12803.91456924553
86,40,274.02225637311335,3502.3701961785973
86,41,423.4074495722296,4562.564276220793
86,42,991.5953175215202,10621.294972308975
86,43,444.50513301631185,5030.447996386419
86,44,580.4148746237836,6651.138663148809
86,45,556.6649411223165,5686.712731677057
86,46,1213.0288405388035,15146.026272141858
86,47,766.7816141438442,9665.844869305312
86,48,146.53534185187067,1493.9498143754513
86,49,827.461095206126,11631.139234524997
86,50,813.0468177349535,11209.160069503127
86,51,828.8668785568519,12138.158920299065
86,52,693.2352577301274,8644.329249729544
86,53,878.2668733838219,14015.014312532963
86,54,520.5122504969288,8631.936194285847
86,55,953.5547085069617,13577.262268736571
86,56,635.5540741481731,7461.750869320297
86,57,840.0827206562826,12157.565190167232
86,58,1163.7693505289155,14916.319684247741
86,59,831.5629181339056,10494.712889591307
86,60,734.1592681155245,9616.153596316652
86,61,702.8708172532331,8695.831421298279
86,62,517.9286611608477,5873.425579945052
86,63,505.9550209057674,6471.722255746091
86,64,1054.199270043141,12693.393938378884
86,65,805.8784749493799,11149.992300850554
86,66,943.8473071482555,11501.00835656295
86,67,731.8252681014135,10177.227012257568
86,68,210.78086735566447,2544.1904315540974
86,69,596.3747202055986,7581.239526185419
86,70,920.9105244743168,10672.73646071139
86,71,601.9467054089063,6982.818799786943
86,72,464.2530923783823,4895.361646047977
86,73,825.5324375283235,10947.8734113684
86,74,1074.86030534718,14369.1666504887
86,75,774.6872746841158,8642.021557900092
86,76,797.8286688580334,10097.150244459384
86,77,98.49021826910383,1327.2214329638978
86,78,233.62032688374705,2641.1890621730545
86,79,397.89944667275944,5705.323519414888
86,80,863.9831858555157,11472.880958783817
86,81,229.1797883967569,2326.8166557664895
86,82,1043.856459261761,14869.168728932702
86,83,720.950648171682,11271.885806647026
86,84,988.704426285368,14363.835681927598
86,85,972.5731986072818,12047.799195017098
86,86,0,0.0
86,87,717.1350787085566,8485.799024337004
86,88,653.5226134677432,7896.866776853621
86,89,813.1661061361272,9661.712023781552
86,90,350.6865950317666,4414.5525644385825
86,91,987.4113257946227,12321.660088384673
86,92,853.1028887226405,12705.14093348025
86,93,960.0382575451448,11660.658614140753
86,94,772.7485707144014,9764.987923618364
86,95,933.2400861699311,11330.929675432428
86,96,856.5463258235754,12146.826855521242
86,97,440.5600792331485,6513.005464085568
86,98,417.04599146167527,5082.027424252619
86,99,727.9595461415158,9221.7334857074
86,100,698.2177212984711,11260.305951211636
87,0,575.6209416065757,6446.411743572729
87,1,274.42577806951545,2591.0909039303706
87,2,493.5898207401046,6149.691692019797
87,3,651.7243235490433,10557.010926817671
87,4,439.92708818862815,4795.912424409444
87,5,734.1559546532915,9795.812140164078
87,6,502.9789278126065,5748.0399739486975
87,7,841.6901895435199,9657.254618386829
87,8,559.4865956894578,4125.051717811594
87,9,286.8816527662578,3197.617569166606
87,10,515.2414594783077,9040.371941067053
87,11,662.4770892738344,10201.738487890438
87,12,344.29004426352924,3820.231363739572
87,13,823.5739609660877,10001.925369546636
87,14,458.55194083206936,5849.723522609621
87,15,685.9842535947463,8438.86964130543
87,16,285.20283964041255,2474.7432230551103
87,17,470.4970300741382,4900.757887516616
87,18,155.49536072249614,1249.511899021803
87,19,467.8862235222241,7513.741632131279
87,20,297.20931427899717,4807.212635946658
87,21,567.4259049846125,6427.197480640848
87,22,567.9447919918749,7101.453996525618
87,23,421.13778889587195,6229.855753997725
87,24,575.8266460807228,6792.540662870943
87,25,366.3501525156555,4000.3244319733967
87,26,507.28581075155415,5723.657658538984
87,27,426.19301925282656,4814.669323689015
87,28,546.365009574079,7610.456144845725
87,29,453.51143209630044,4942.728349483745
87,30,504.59568750671275,5581.63632831369
87,31,410.30432628049084,6192.346790755334
87,32,473.14071136361684,7098.035992464886
87,33,375.49941332682124,6222.739977330522
87,34,740.8031133940138,10779.798650505087
87,35,561.4538697935134,8436.349694295186
87,36,377.77475432950246,3963.4429566617864
87,37,487.13269254958936,5323.157076944951
87,38,381.1535569025843,4219.671393529148
87,39,539.7901412623916,4483.93409027112
87,40,574.4365236118056,7067.549563324724
87,41,386.51451962559264,4549.2376542897655
87,42,354.5861887407714,2634.7039322016212
87,43,450.5238258765349,5989.797888237432
87,44,670.4476654139958,9839.421899732348
87,45,373.0558123415671,4631.371428763159
87,46,707.2475333990268,9747.433230665807
87,47,537.100307004067,9265.918006978809
87,48,812.7540347120936,9277.389115626505
87,49,683.2519664253766,7267.959233548164
87,50,245.97404988958056,2978.039157511706
87,51,436.25775748511643,4760.202091546825
87,52,693.5539505903502,10116.622034181215
87,53,835.785566244045,12235.063560558458
87,54,335.4829319994172,3751.4670383151197
87,55,433.14557972621265,5120.115905669808
87,56,134.94494536742386,1257.9351937123581
87,57,319.67359187553365,5045.408625728531
87,58,643.3602217481659,8624.17868093017
87,59,601.6816109941287,7770.661113377482
87,60,573.8779609757473,9627.526554857835
87,61,631.4026884192001,9548.318137552098
87,62,638.4473540210705,8813.338412700987
87,63,475.07371376599014,5885.605319881693
87,64,539.7901412623916,4417.965915633873
87,65,641.497167809603,10526.320011784075
87,66,423.43817836750634,4675.90749341687
87,67,607.9161393206645,6948.654278742679
87,68,670.287013390586,7700.6367008764
87,69,145.9655914248494,1576.614430969727
87,70,278.30139569356805,3008.3562378496217
87,71,430.24711833121006,5993.138213357521
87,72,376.1741902604897,4392.1873582407725
87,73,305.1233087475747,4128.725651638385
87,74,652.2789982074034,9424.332401181979
87,75,449.8059675443391,4950.911065809874
87,76,194.71954007728397,1611.969198522252
87,77,755.2355730100269,9181.073388466162
87,78,717.9931108495566,8143.927506048707
87,79,442.50088269289387,5616.928507266302
87,80,719.7740570747663,7356.677962966552
87,81,579.449247400296,6547.733477153075
87,82,737.9751521219845,10241.318085749459
87,83,576.7415193909327,6247.960907055016
87,84,768.5231191455902,10963.269390686917
87,85,899.0918914675046,9778.136601750843
87,86,711.1072570675844,8485.799024337004
87,87,0,0.0
87,88,662.5413063279658,9565.566689138519
87,89,210.75697735537818,1807.9034103656468
87,90,577.6052878919895,7051.6126922656385
87,91,608.8300186548458,8688.256909557296
87,92,766.4597169256036,11159.522077917825
87,93,439.6291287643958,5021.347936179206
87,94,542.8672635746245,9181.011168662728
87,95,737.6587790301538,10138.930106928414
87,96,814.0650186837985,11505.717921534795
87,97,382.45095045239924,5068.7508167553115
87,98,555.1646843218984,6917.903997372889
87,99,538.2837980523228,9094.213325485445
87,100,554.0085925177218,5920.237444577184
88,0,1154.5570825713678,15824.664611221247
88,1,610.9619190343085,7445.0302380222865
88,2,1013.4259617048972,12642.80752694596
88,3,220.9604645138363,2152.4209905896323
88,4,673.2632291534212,7268.55763482727
88,5,927.5920956180844,13166.022882105568
88,6,1081.9150687773986,13900.790636631446
88,7,602.8263305083125,7082.558481397901
88,8,476.5227366542508,5446.220207502892
88,9,865.8177937310497,12633.145295795563
88,10,217.37760044310068,2198.9496388326484
88,11,855.9132302386273,12545.877655675375
88,12,923.2261852283215,12353.711291563062
88,13,641.7101019308802,8224.695900160328
88,14,978.3880817968625,11924.1431572493
88,15,541.8203945595395,5482.5908578815925
88,16,791.8389806052057,9243.608368914382
88,17,649.8468051740052,7999.297152031785
88,18,655.3094603155555,9516.267149677557
88,19,779.1223644870166,8935.717574790706
88,20,761.44545524379,9777.096682275007
88,21,592.0643991146361,6373.423095079666
88,22,423.480932956668,4549.337903649251
88,23,300.88266362473234,3337.3404331780353
88,24,828.0730053431522,9061.92773417221
88,25,768.2862934804485,9446.221864395136
88,26,830.4228272002837,9044.370684392588
88,27,446.12916021761964,5262.0422151126695
88,28,552.7011505388717,8140.647284271914
88,29,989.9475730610932,11415.108225444632
88,30,815.8485119163626,10280.569916344713
88,31,313.640467245284,3395.0431412017424
88,32,782.37685232841,9689.896771718304
88,33,305.5408266507708,3479.2363277779737
88,34,440.4392543588071,5361.72785462869
88,35,515.6347014209796,7159.105285344093
88,36,919.5108952942957,10657.721553087982
88,37,699.8688335143822,7400.074576238042
88,38,842.1896978673775,10756.7480452108
88,39,1021.2262822271849,13572.787149403355
88,40,433.6770901981294,4649.937152320101
88,41,525.0344617562736,6072.365410185355
88,42,855.622329705564,9822.159084594421
88,43,401.259966841328,4136.257559843718
88,44,165.48380637878904,1664.9935256715028
88,45,456.26456008687785,5142.641694226873
88,46,779.9836743638191,9758.68136048238
88,47,225.73644796886003,2370.74738613683
88,48,557.4591268887752,6952.720626853179
88,49,1262.1881073901682,16125.45005706924
88,50,816.7101908543736,12348.890455942847
88,51,1023.9938984499099,14323.538851639738
88,52,78.99009155514332,762.464550454028
88,53,445.22170720883764,6458.761887857721
88,54,914.4190729642094,12355.082140197763
88,55,880.3817206910059,12960.081235839809
88,56,634.6747349721534,8382.166973047939
88,57,783.9097328403265,9551.907470105398
88,58,733.196362712959,10445.127261602282
88,59,457.2177519589215,4652.048578544066
88,60,193.11410194054037,2057.954533581932
88,61,89.13882938399301,972.660601185431
88,62,177.98944219626046,2035.2626415024213
88,63,994.9098547307832,12153.333998829352
88,64,1021.2262822271849,13583.032863699045
88,65,323.53330877439583,3519.9360112986483
88,66,694.8743193322994,8893.875799367179
88,67,1186.8522802854561,15197.788865633784
88,68,474.9357011806805,5386.58898015761
88,69,773.3017323896422,10011.869584771657
88,70,779.3375366583607,9442.338369334562
88,71,320.6832592960032,3593.9057703348235
88,72,496.5801045624261,5941.836450605417
88,73,696.16299248817,8642.073404059913
88,74,641.8151391721962,8787.275425110613
88,75,485.04210850913205,5397.743870555741
88,76,758.2426941215048,10610.157699043904
88,77,743.6450520941198,9209.48425475411
88,78,426.1292518143499,5258.731006873996
88,79,923.3264588568032,11369.16658958173
88,80,1298.710198039558,16107.770277462776
88,81,592.485388365089,6374.02340435733
88,82,610.8112930867774,8900.213956914675
88,83,1155.6776603557246,15303.717580347391
88,84,555.6592601103835,7617.577705968314
88,85,539.5280324322979,5133.959248047995
88,86,659.7433980323775,7896.866776853621
88,87,690.2620908926003,9565.566689138519
88,88,0,0.0
88,89,660.3931183201711,9251.88381157502
88,90,389.5414288567826,3817.7862239428687
88,91,579.3661596196391,6330.184109668254
88,92,420.05772254765657,5222.3262579965585
88,93,711.0652697291887,8775.25360202047
88,94,262.4034045394174,2558.875277683544
88,95,500.194919994947,3950.1087742826126
88,96,423.5011596485912,4386.682864429879
88,97,902.2870914171925,11682.457135606961
88,98,325.7008252866913,3366.2912727721678
88,99,190.91437996653215,1959.6005220442285
88,100,1132.9447334825136,15075.650798924049
89,0,650.4519690341464,7590.171594678539
89,1,250.2568054970861,1810.0107558899479
89,2,565.2208481676748,7957.570434995943
89,3,631.055350976614,9890.119327780469
89,4,513.3581156161989,5963.13442175737
89,5,694.2869820808621,8028.962662903695
89,6,577.8099552401775,7443.119913513121
89,7,915.1212169710906,10623.035819984052
89,8,538.8176231170285,4111.3445697380075
89,9,361.7126801938285,4472.910402638189
89,10,494.57248690587824,8328.762184335943
89,11,622.608116701405,8399.446991672445
89,12,419.1210716911,5519.6333834830675
89,13,919.6049883936586,11120.807798290043
89,14,530.18296825964,7647.571925104232
89,15,646.1152810223169,7146.064100749546
89,16,433.93386706798344,4137.623259824362
89,17,414.2280575017088,3229.472552653468
89,18,102.00434677833334,609.9711157239982
89,19,428.0172509497947,5765.664366073682
89,20,257.34034170656776,3004.5330790497283
89,21,639.1569324121829,7401.687737256102
89,22,547.2758194194456,6037.307011754844
89,23,400.4688163234426,5984.458886961998
89,24,671.8576735082936,8248.38335057168
89,25,491.68117994322614,5647.896173181624
89,26,623.6177136630613,7231.48881536543
89,27,405.52404668039725,4070.926304064951
89,28,506.4960370016495,5936.32556660144
89,29,525.1424595238709,6741.765071944077
89,30,464.72671493428317,3789.5187357504387
89,31,389.6353537080615,5882.710297099608
89,32,433.27173879118743,5300.564492440126
89,33,354.8304407543919,5776.168075414169
89,34,720.1341408215844,9582.565306495846
89,35,521.5848972210841,6897.635109861758
89,36,506.505781757073,5750.314392907497
89,37,560.5637199771602,6528.284153034225
89,38,473.4845843301549,6004.998268168512
89,39,517.121168689962,4323.262961715976
89,40,586.2675510393763,7656.861249968523
89,41,425.8455470531632,5304.259938028193
89,42,204.71721616834205,965.9380657736258
89,43,429.8548533041056,6269.08176199093
89,44,649.7786928415663,9827.023935485242
89,45,352.3868397691378,4886.503109753547
89,46,667.3785608265973,8004.547244406849
89,47,516.4313344316377,8515.432822207313
89,48,871.3850621396642,10248.55643295398
89,49,758.0829938529473,8714.462428118435
89,50,312.60507731715126,3249.4556384950783
89,51,519.8887849126869,5465.0960224445
89,52,672.8849780179207,9697.433477559536
89,53,815.1165936716155,10984.153628348125
89,54,410.31395942698794,5438.176734210707
89,55,376.2766071537832,4084.0309206644
89,56,265.6696214349309,2258.0869970437125
89,57,279.80461930310423,3237.5076629784226
89,58,603.4912491757365,6824.131024846694
89,59,581.0126384216993,6637.973157330036
89,60,553.208988403318,8932.29583699121
89,61,610.7337158467708,9052.542259008456
89,62,617.7783814486412,8886.379121544443
89,63,546.7047411935607,7689.549224055507
89,64,517.121168689962,4342.606025881343
89,65,620.8281952371735,9609.74773551602
89,66,367.16920579507695,2890.7976828840824
89,67,682.7471667482353,8587.76842386377
89,68,671.2180408181567,8460.033242412874
89,69,295.89661885242015,3383.0227396514097
89,70,128.4324231211387,1211.2194237417095
89,71,409.5781457587807,5689.076010460047
89,72,394.77499102520363,5050.094695590483
89,73,265.2543361751453,2369.255425324076
89,74,612.410025634974,7743.7064975964695
89,75,429.13699497190976,4068.1485560368183
89,76,204.93758058428227,1514.4005724373935
89,77,826.8666004375973,10506.25891469527
89,78,706.7241382771275,8869.672684389545
89,79,514.1319101204643,7394.561069970464
89,80,794.605084502337,8841.703557305329
89,81,650.8802748278664,7522.272117092678
89,82,698.106179549555,8582.79104981092
89,83,651.5725468185034,7638.370809206911
89,84,728.6541465731608,9473.464172306592
89,85,878.4229188950752,8566.815696375374
89,86,807.1382844951553,9661.712023781552
89,87,209.55697735537825,1807.9034103656468
89,88,641.8723337555365,9251.88381157502
89,89,0,0.0
89,90,556.9363153195601,7423.928241820617
89,91,568.9610460824165,7268.690596619923
89,92,745.7907443531742,10008.334419830315
89,93,383.3601561919663,3248.34060400066
89,94,522.1982910021951,8397.38019904766
89,95,716.9898064577244,9130.266846837874
89,96,793.3960461113691,10517.503789151813
89,97,454.08197787996977,6873.561369200933
89,98,534.4957117494687,7129.019479961897
89,99,517.6148254798935,8426.331620042907
89,100,628.8396199452925,7266.626076394059
90,0,935.9002795707577,12762.673034137804
90,1,541.5051160336975,5760.623670676495
90,2,765.9691587042863,8933.975380975031
90,3,528.0036615132253,5799.210721862487
90,4,386.4064261528102,3577.162134743517
90,5,1128.9352926174734,13541.297004518092
90,6,861.0582657767886,10416.342903309831
90,7,436.26952750770147,4206.952458615829
90,8,414.46593365363975,3372.3840347111095
90,9,753.6609907304396,9745.083260621359
90,10,464.82079744248955,4993.046010823605
90,11,1057.2564272380162,13265.776888701093
90,12,725.9753474156043,9066.505371008125
90,13,487.7532989302695,5195.421632782441
90,14,730.9312787962516,8199.5336172347
90,15,651.0635915589282,7245.486477661499
90,16,595.4821776045947,5983.541681214333
90,17,743.890002173394,7613.80778989283
90,18,585.8526573149447,7455.973369875644
90,19,862.6655614864059,9549.244765582589
90,20,691.9886522431792,9084.094356098218
90,21,283.8075961140249,2563.6303522338953
90,22,517.524129956057,5641.167150205315
90,23,319.1258606241213,2543.277523166841
90,24,517.1162023425412,5254.132607759839
90,25,520.8294904798377,5849.066372440252
90,26,542.1660241996727,5241.2793055316
90,27,455.4723572170085,4515.434605325121
90,28,823.7443475382605,8969.251440785547
90,29,742.4907700604823,7769.927659580232
90,30,899.3750254708945,9793.33795583609
90,31,347.883664244673,2772.4588570537667
90,32,867.9200493277987,9957.524480411199
90,33,325.0787512910032,3236.341807747204
90,34,690.3824513581958,8252.545578802203
90,35,767.7332077576953,8569.528733404426
90,36,672.0540922936847,7117.772690213608
90,37,396.8120305137714,3624.0346172688965
90,38,594.7328948667666,7178.269280138267
90,39,951.7694792265742,11475.301243647416
90,40,114.52028719751833,917.134697147183
90,41,272.1776587556623,2687.124276105245
90,42,786.1655267049532,8251.96212991115
90,43,162.80316384071682,1171.337266816898
90,44,344.5129054481887,3173.0027980989585
90,45,254.60775708626673,2537.4252286740125
90,46,1051.0268713632083,11084.017922570214
90,47,486.679644968249,5280.495973680773
90,48,384.8333726762757,3932.6934549072707
90,49,1041.7313043895588,12769.002070379333
90,50,747.2533878537629,10025.388363605465
90,51,949.8370877402843,11671.867681328855
90,52,445.8332885545323,4577.034029083215
90,53,716.264904208227,9615.68216427456
90,54,734.7824596803619,9089.6419495113
90,55,810.9249176903951,11492.042310399896
90,56,494.31793197154224,5794.308845260363
90,57,714.4529298397157,9000.386968411272
90,58,1004.2395597123477,11142.029834529741
90,59,551.2609489583105,6178.305868864976
90,60,456.2572989399295,5276.361565875652
90,61,422.5688480776383,4454.507527610769
90,62,256.42669198525266,2100.8970499302354
90,63,747.4530517301723,8439.592312442062
90,64,951.7694792265742,11432.536429591213
90,65,591.0765057737849,6789.933268870653
90,66,788.9175163316881,8298.149458242757
90,67,946.0954772848467,11685.756359141107
90,68,184.66635135476812,1921.193240373957
90,69,617.7449293890312,7003.214603694581
90,70,709.8807336577499,8075.63738664092
90,71,321.6447362333112,2811.986288500834
90,72,249.123301561815,2720.623546812581
90,73,699.9026467117566,7839.484825673651
90,74,912.8583361715852,10234.593609075713
90,75,494.3853055085209,4867.5896666898325
90,76,688.785891120894,8448.70859247353
90,77,434.78824909350874,5736.109391961749
90,78,220.17244881373887,2054.6344326390454
90,79,675.8696558561925,7637.470015421239
90,80,1078.2533950389486,12712.88332644744
90,81,284.2285853644778,2573.33405342145
90,82,881.8544900861664,10648.601450515223
90,83,935.2208573551148,12058.101572575988
90,84,826.702457109773,9990.886294951515
90,85,810.5712294316869,7640.346497969985
90,86,350.68659503176656,4414.5525644385825
90,87,593.1052878919893,7051.6126922656385
90,88,381.2206442921479,3817.7862239428687
90,89,590.9363153195603,7423.928241820617
90,90,0,0.0
90,91,707.1093566190277,8039.347787438983
90,92,691.1009195470456,8303.584354855011
90,93,805.1084667285775,8346.798380120874
90,94,492.4466015388064,5368.13964552106
90,95,687.2381169943358,6928.990626542088
90,96,694.5443566479805,7814.780289853789
90,97,654.8302884165817,8039.568382833556
90,98,136.74402228608042,679.3035137563592
90,99,447.65757696592124,4846.362599556869
90,100,912.487930481904,11888.374416356013
91,0,998.2250103336137,14854.538142464346
91,1,549.7298467965537,6151.796059752187
91,2,912.993889467142,14181.47318336343
91,3,394.8283922760818,5194.208084255684
91,4,811.1311569156668,9775.65943213816
91,5,523.4600233803297,7214.603294376492
91,6,925.5829965396447,14371.19169778424
91,7,914.5942582705576,12232.31153514871
91,8,552.1906644164962,6296.853490691643
91,9,709.4857214932957,11724.986438420005
91,10,373.0455282053461,4158.241069805969
91,11,451.7811580008727,6389.39446578458
91,12,766.8941129905675,12466.103017889383
91,13,895.7780296931253,13233.701252691428
91,14,877.9560095591073,13639.975054854678
91,15,95.58832232178493,855.0455765498151
91,16,867.5069083674513,9999.849310893984
91,17,424.7010988011766,4222.108939962404
91,18,665.0773880778012,7833.794671881003
91,19,385.3902922492626,3234.3511570699084
91,20,487.713383006036,5712.341760724871
91,21,819.4323268768811,10029.091107244734
91,22,249.77168532339002,2423.5330097603783
91,23,481.6418576229103,5541.05792846048
91,24,1019.630714807761,12330.099202255982
91,25,881.0542212426946,11063.70588748773
91,26,968.2907549625293,11747.283934909288
91,27,444.9212116813291,4536.323833099576
91,28,158.96907830111726,2374.672973095667
91,29,872.9155008233382,12833.631990464019
91,30,422.1164396786082,5748.041530104686
91,31,470.8083950075292,5320.295427983088
91,32,388.64478009065516,4252.098413129317
91,33,454.2087544130161,4855.694279102394
91,34,297.90718212105236,2731.970486581624
91,35,79.05793852055206,948.2658694212882
91,36,854.2788230565408,11829.351026984203
91,37,857.8367612766276,10229.153048565608
91,38,821.2576256296225,12038.705175630801
91,39,882.2942099894306,10916.266227534923
91,40,721.5450179603744,8892.039505712139
91,41,665.918588352631,8337.728499843666
91,42,779.4902574678099,7177.9048639571665
91,43,559.2278946035732,7292.119193868895
91,44,575.0376362110453,7889.582540273547
91,45,581.4598810686056,6942.062719688026
91,46,392.95160212606504,3437.736429093684
91,47,392.0043757311056,4058.485176593071
91,48,905.7270546510205,11970.328249777205
91,49,1105.8560351524145,15930.420573745148
91,50,677.7781186166193,10344.941051942486
91,51,885.0618262121556,12619.760764553312
91,52,459.45801931738885,6141.640304414546
91,53,475.9896349710833,3874.6391013597117
91,54,758.0870007264554,12408.91490300194
91,55,626.3496484532509,9339.842720680934
91,56,710.3426627343988,8106.801260571548
91,57,510.1776606025725,5342.206444364093
91,58,329.06429047520436,4430.189617125874
91,59,182.485679721167,1871.97886807245
91,60,415.08202970278586,4511.112760117339
91,61,457.0067571462385,5453.249463960029
91,62,652.557369958506,7679.024826098751
91,63,894.477782493028,13780.411071190476
91,64,882.2942099894306,11021.242054838054
91,65,337.9012365366415,3910.5082549894546
91,66,425.3422470945449,5012.111471923607
91,67,1030.5202080477025,15612.325679992302
91,68,791.6910821176242,9947.23790167702
91,69,753.5696601518881,9980.68119105854
91,70,633.5329429582966,6598.995499715657
91,71,490.75118705824843,5339.553164888055
91,72,634.8480323246714,8004.725990615457
91,73,473.42737747461337,5214.78257715026
91,74,262.4830669344416,2459.233802502508
91,75,480.3100362713774,4197.094508791062
91,76,619.3106218837504,8741.666357772163
91,77,1011.5129798563651,13594.33189581301
91,78,827.197179576595,10087.152223236892
91,79,861.9049514199315,13200.849520641956
91,80,1142.3781258018043,16034.20317712769
91,81,819.853316127334,10103.304000845492
91,82,246.37922084902277,2647.19008684417
91,83,999.3455881179705,14876.780700418782
91,84,251.12718787262884,2319.996050880968
91,85,498.79596019454306,1871.0218443860424
91,86,957.7113257946223,12321.660088384673
91,87,645.4300186548462,8688.256909557296
91,88,542.9453750550044,6330.184109668254
91,89,670.1610460824168,7268.690596619923
91,90,677.4093566190276,8039.347787438983
91,91,0,0.0
91,92,326.76378565264207,3257.0860192771543
91,93,441.5331974914343,4675.034493889988
91,94,333.3405162693775,3853.2079721727237
91,95,288.6628477571923,3178.6069439885964
91,96,500.2690874108367,4288.126781896853
91,97,801.8550191794374,13049.657938760965
91,98,654.9687530489366,7364.078203693418
91,99,396.0878667793614,4397.3832982096255
91,100,976.6126612447596,14517.823943790381
92,0,1169.7165732616313,17544.223169069577
92,1,701.4214097245713,8571.588814659583
92,2,1084.4854523951597,15992.67142665007
92,3,303.25809054683936,3254.226459022516
92,4,825.9227198436843,10997.85084708726
92,5,705.3515863083469,10202.015463847512
92,6,1097.074559467662,16590.170967240927
92,7,823.023956541315,12163.009545825762
92,8,566.9822273445136,7868.892190400219
92,9,880.9772844213132,14326.916217641054
92,10,290.73709113336344,3326.493911910285
92,11,633.6727209288898,9214.687422827079
92,12,938.385675918585,14759.295984102744
92,13,804.2077279638827,13276.281741148063
92,14,1049.4475724871247,15364.61308169758
92,15,322.97988524980235,2960.4121045383126
92,16,882.2984712954686,11959.594242462603
92,17,634.592661729194,7260.126403126136
92,18,745.7689510058183,10514.655981443635
92,19,556.88185517728,6460.834997890375
92,20,659.2049459340526,8887.350504394873
92,21,834.2238898048986,10728.479176996198
92,22,369.57855898967097,4061.1780104922223
92,23,496.43342055092774,6288.306377994415
92,24,1038.6222777357787,13320.774371846055
92,25,895.8457841707119,12735.6531465688
92,26,983.0823178905467,12981.186456044528
92,27,550.2886509078824,6440.726237924975
92,28,330.46064122913464,5616.437735589382
92,29,1044.4070637513557,14653.750064310416
92,30,593.6080026066256,8984.918891452478
92,31,485.5999579355466,6132.887811505501
92,32,560.1363430186725,7495.361302614042
92,33,469.0003173410335,5772.654376642432
92,34,75.53688039180999,532.4064289910956
92,35,293.3941921112424,4139.57022787419
92,36,1025.7703859845583,13711.4605745493
92,37,872.6283242046451,11333.239415012396
92,38,969.7491885576409,13885.42961223329
92,39,1053.7857729174482,13951.690654734402
92,40,736.3365808883918,9220.716652439196
92,41,680.7101512806485,9555.207501828585
92,42,946.0818203958268,10099.301778405574
92,43,574.0194575315907,7978.960518371626
92,44,483.4673344818029,6875.377591201604
92,45,596.2514439966229,8198.223858922076
92,46,557.7431650540824,6063.217070774522
92,47,296.6959386591228,3049.8784231393456
92,48,814.1567529217781,11983.999388108718
92,49,1277.3475980804317,18404.726880570284
92,50,849.2696815446368,13215.054603937495
92,51,1056.5533891401733,15466.259953910612
92,52,367.8877175881464,4677.822446212836
92,53,149.48119789910055,1312.9672082992008
92,54,929.5785636544729,14720.484307619941
92,55,797.841211381268,12520.050473879528
92,56,725.1342256624162,10331.486085201737
92,57,681.6692235305891,8529.70470206787
92,58,510.9558534032217,7477.518528667558
92,59,326.11537799192456,3392.548552791198
92,60,289.1349076978953,3195.192355613772
92,61,365.43645541699607,4259.178649677618
92,62,560.9870682292636,7127.999378107863
92,63,1065.9693454210455,15545.169295101588
92,64,1053.7857729174482,14038.629984938038
92,65,183.09279946465875,1713.353305415971
92,66,648.833810022562,8125.16345351767
92,67,1202.0117709757196,17877.365593475453
92,68,791.3333272136836,10168.533127047089
92,69,863.7612230799051,12229.14660879878
92,70,809.3245058863139,9543.88107837461
92,71,505.54274998626585,6253.698510969303
92,72,649.6395952526889,9278.040004224094
92,73,644.9189404026303,8231.60406406459
92,74,419.574629862459,5136.870112118534
92,75,589.2015991993946,6234.489706599678
92,76,790.8021848117679,11521.049888655529
92,77,919.9426781271225,14031.232211607896
92,78,742.526877847353,10161.477216800919
92,79,1033.396514347949,14864.713383833528
92,80,1313.8696887298215,18471.215509327674
92,81,834.6448790553515,10770.18960441823
92,82,388.5707837770401,4792.780116248042
92,83,1170.837151045988,17405.034143845613
92,84,293.45688614338644,2901.5676274905304
92,85,317.28752312256063,1479.418488185605
92,86,885.5410240653798,12705.14093348025
92,87,780.7215815828631,11159.522077917825
92,88,451.375073325762,5222.3262579965585
92,89,750.8526090104339,10008.334419830315
92,90,692.200919547045,8303.584354855011
92,91,349.9637856526419,3257.0860192771543
92,92,0,0.0
92,93,665.0247604194514,7817.494539861963
92,94,258.7628952296802,2940.550771518029
92,95,239.8925460279499,1374.658485704921
92,96,303.86065033885404,1280.5627762320448
92,97,973.3465821074549,14896.952816673806
92,98,669.7603159769541,7656.313804743447
92,99,313.3794297073787,3503.261351980725
92,100,1148.104224172777,17079.517452340264
93,0,825.0241204431643,10504.569081536247
93,1,350.22895690610375,3267.7456514317014
93,2,739.7929995766924,11134.018548886883
93,3,667.7275023856314,8681.086003997594
93,4,751.1302670252164,8204.024890468454
93,5,526.7591334898797,5365.197239216393
93,6,752.3821066491952,10686.705229249674
93,7,1113.2933683801082,12237.804614024379
93,8,652.1897745260458,5159.04230528245
93,9,536.2848316028463,7581.147812039018
93,10,541.8446383148959,7179.524797724178
93,11,455.0802681104226,5432.978885976123
93,12,593.693223100118,8766.184516042222
93,13,1094.1771398026765,12964.262429832921
93,14,704.7551196686577,10766.479484947306
93,15,436.7874324313348,4864.208561118617
93,16,671.7060184770011,7110.841234481555
93,17,63.81384304580071,781.1804316252183
93,18,412.37649818735093,3856.0123525664426
93,19,377.48940235881224,2526.610149260809
93,20,233.71249311558537,1089.453237438484
93,21,876.9290838212005,9241.818391495533
93,22,307.2707954329399,4475.327860666857
93,23,581.6409677324601,6115.248852688433
93,24,846.4298249173114,10745.488659642215
93,25,710.1533313522442,8530.835651482193
93,26,798.1898650720791,9849.172417207436
93,27,384.89619808941484,3879.022980892054
93,28,358.2681884106671,2821.630546986834
93,29,699.7146109328886,9871.03471289461
93,30,281.8988663433009,1514.634393428801
93,31,570.807505117079,5921.016406693869
93,32,301.4438902002049,2112.5627183888514
93,33,554.2078645225658,5586.157233363257
93,34,622.9062922306023,7320.796906077666
93,35,397.75704863010185,4049.0701391736843
93,36,681.0779331660912,8855.635698517206
93,37,798.3358713861777,8767.704152469692
93,38,648.0567357391728,9103.528023943838
93,39,693.2933200989798,6264.671681144656
93,40,821.5441280699242,8893.888282603444
93,41,663.6176984621807,7099.803333144949
93,42,451.4893675773596,2766.5758663055776
93,43,659.227004713123,7215.716269824295
93,44,870.250844250584,9846.051875608739
93,45,590.1589911781551,6087.734722247199
93,46,438.75071223561486,4763.652148954373
93,47,563.7034858406552,7266.768777050687
93,48,1091.8572135486816,11890.98649780077
93,49,932.655145261965,11832.163719162856
93,50,468.47722872616885,5865.2943169096325
93,51,696.0609363217048,8123.42822746894
93,52,719.6571294269382,8981.637694505669
93,53,797.7887450806332,8549.313854884347
93,54,584.8861108360059,8683.157655468725
93,55,365.3487585628008,4705.460794264053
93,56,503.44177284394857,5049.240143008751
93,57,256.1767707121219,787.0311668792694
93,58,374.8634005847541,3636.3228747375774
93,59,357.2847898307169,4803.725382231602
93,60,600.4811398123355,7751.937216610352
93,61,658.0058672557883,8250.97484790766
93,62,838.2505328576588,9142.769863084757
93,63,721.2768926025784,10833.20672818408
93,64,693.2933200989798,6380.663826516915
93,65,624.7003466461911,7924.020314885864
93,66,32.04135720409474,380.80849859064404
93,67,857.319318157253,11811.87646020857
93,68,891.6901922271741,9884.998158005086
93,69,533.6687702614379,6569.66983389665
93,70,275.83205306784635,2196.8963744931434
93,71,590.7502971677982,5783.369250545021
93,72,632.5471424342211,6765.305900161338
93,73,167.0300303599654,895.9337932047955
93,74,452.1888961103097,4578.199967335717
93,75,400.6091463809272,3583.0372078800233
93,76,423.90973199329966,4474.329836807282
93,77,1001.4387518466151,12711.485325457526
93,78,927.1962896861448,10208.668788745772
93,79,688.7040615294819,10458.940968296058
93,80,969.1772359113547,11983.068856592243
93,81,888.652426236884,9352.01204188506
93,82,551.9783309585727,5441.866321619951
93,83,826.1446982275211,10732.574193491831
93,84,601.2262979821786,6620.412565891134
93,85,820.5950703040932,6341.627141577554
93,86,981.7104359041731,11660.658614140753
93,87,447.32912876439593,5021.347936179206
93,88,715.3444851645538,8775.25360202047
93,89,383.8601561919665,3248.34060400066
93,90,777.4084667285774,8346.798380120874
93,91,441.53319749143424,4675.034493889988
93,92,648.562895762192,7817.494539861963
93,93,0,0.0
93,94,533.7396263789271,7093.956943830406
93,95,611.8619578667423,7292.038199330911
93,96,797.2681975203866,8627.474184822695
93,97,628.6541292889877,10025.803020552965
93,98,754.9678631584865,7831.069585771914
93,99,564.886976888911,7353.926812136255
93,100,803.4117713543102,10338.048303749814
94,0,1004.5622552533922,15624.166695868074
94,1,460.96709171633233,6708.8782995824795
94,2,900.5311343869213,13398.031476488746
94,3,148.56563719586015,1587.1989711522488
94,4,585.4684018354449,8227.98856308514
94,5,783.9972683001081,10918.807657855177
94,6,931.9202414594232,14244.470147375936
94,7,737.8315031903361,9250.037635748677
94,8,326.5279093362747,5402.198775181578
94,9,715.8229664130743,12374.458470856423
94,10,50.282773125124535,396.12403515451905
94,11,712.318402920651,10194.199809745789
94,12,773.231357910346,12505.171393710818
94,13,719.0152746129038,10353.135386655016
94,14,865.4932544788866,12734.073887157307
94,15,289.4947512092779,3032.9519871947527
94,16,641.8441532872295,9533.963872138158
94,17,485.35197785602935,6367.447111470093
94,18,505.31463299757957,8799.71766880452
94,19,635.5275371690409,6727.524029398041
94,20,598.3506279258138,8167.7272495719035
94,21,593.7695717966598,7824.995588034349
94,22,226.45528960640635,2618.9680168283903
94,23,255.97910254268893,3531.886778057593
94,24,798.1679597275396,10452.111898951389
94,25,655.3914661624726,10122.996750404247
94,26,742.6279998823073,10183.115414827955
94,27,309.83433289964347,4387.112252572369
94,28,409.10632322089583,5884.545273090079
94,29,877.0527457431173,12083.428123322612
94,30,672.2536845983868,8525.853277030854
94,31,245.1456399273078,3419.576851667131
94,32,638.7820250104338,7594.720076348178
94,33,228.54599933279462,3156.16880596353
94,34,296.8444270408309,2945.877582576352
94,35,372.03987410300357,4737.286059393174
94,36,806.6160679763198,11193.56989163961
94,37,632.1740061964061,8517.901106814335
94,38,729.2948705494016,11343.588573176512
94,39,871.2314549092088,12642.301606390181
94,40,495.8822628801531,6284.959454746565
94,41,440.25583327240946,6820.61942539161
94,42,705.627502387588,8745.457262136439
94,43,333.5651395233517,5117.892058741449
94,44,398.27488113082364,4202.702066205659
94,45,355.79712598838404,5537.518236743964
94,46,636.3888470458434,7289.5597007194665
94,47,72.14162065088395,205.81476566557595
94,48,728.9642995707989,9059.7926253993
94,49,1112.193280072193,16245.554756229236
94,50,666.7153635363975,11638.890202885903
94,51,873.9990711319338,13792.67489273764
94,52,214.69526423716718,2289.1243908126876
94,53,332.6268798908616,4250.11979230823
94,54,764.4242456462339,12482.323020650574
94,55,730.3868933730297,11635.743269785555
94,56,484.67990765417716,8168.716865552805
94,57,620.8149055223503,7878.97348612693
94,58,589.6015353949829,8147.93005551464
94,59,214.89210860865995,2412.912225882219
94,60,96.11927462256423,690.3985893197967
94,61,166.44400206601688,1622.345719751517
94,62,398.9946148782845,4267.055844220539
94,63,882.0150274128073,12932.350383038862
94,64,871.2314549092088,12690.283413825871
94,65,138.33848145641986,1503.534551929163
94,66,530.3794920143234,7297.478307713566
94,67,1036.8574529674809,15548.045599743524
94,68,566.028327037403,7227.9991452794475
94,69,623.306905071666,10006.691538174497
94,70,634.9701878780751,8265.702945475838
94,71,265.088431978027,3576.3074836411124
94,72,409.1852772444499,6576.26998247176
94,73,531.668165170194,7190.363768540821
94,74,498.2203118542202,6307.525636860296
94,75,348.7472811911558,4332.457347064422
94,76,608.2478668035286,9881.219940520059
94,77,816.1502247761433,11091.319474818256
94,78,601.5344244963736,7225.725514149858
94,79,810.4316315388273,12211.623890105799
94,80,1148.7153707215828,16276.963792369945
94,81,594.1905610471126,7861.110468779333
94,82,467.2164657688013,6363.842515337958
94,83,1005.682833037749,15312.677882926588
94,84,412.06443279240733,5071.69026416642
94,85,395.9332051143217,2583.177223634147
94,86,732.0485707144011,9764.987923618364
94,87,540.2672635746245,9181.011168662728
94,88,254.88261997478276,2558.875277683544
94,89,510.39829100219515,8397.38019904766
94,90,451.7466015388063,5368.13964552106
94,91,333.3405162693773,3853.2079721727237
94,92,251.43207919739476,2940.550771518029
94,93,546.5704424112128,7093.956943830406
94,94,0,0.0
94,95,278.7692766446852,1567.8049868007065
94,96,310.9063323306151,2569.1843666745904
94,97,789.3922640992166,12337.692060434829
94,98,429.305997968715,4728.54121183572
94,99,73.32511169913978,613.6212732373837
94,100,982.9499061645381,15026.322472506978
95,0,1181.6537707089217,16570.341198659837
95,1,670.6586071718617,7577.093599184955
95,2,1096.4226498424498,14739.899507387006
95,3,320.0571526513897,2199.5317299802045
95,4,795.1599172909747,9674.14856240739
95,5,717.2887837556373,10388.942193003804
95,6,1109.0117569149527,15437.523167976216
95,7,839.8230186458653,10807.62107753542
95,8,536.2194247918042,6641.1601675434285
95,9,892.9144818686036,13330.690793909638
95,10,318.4742885806539,1957.0912318799217
95,11,645.6099183761802,9522.835206920376
95,12,950.3228733658754,13640.270529323518
95,13,821.006790068433,11915.481859090463
95,14,1061.384769934415,14097.25247943066
95,15,244.8170826970928,2557.587367294483
95,16,851.5356687427591,10765.266316884705
95,17,550.3434933115586,6648.76825377744
95,18,715.0061484531087,9597.645069052045
95,19,568.8190526245704,6368.533540203926
95,20,671.142143381343,8380.935429119918
95,21,803.461087252189,9361.234988950746
95,22,316.7776210942213,3092.972149249542
95,23,465.6706179982182,4957.39709049463
95,24,1007.859475183069,11965.034253423082
95,25,865.0829816180023,11471.638991484077
95,26,952.3195153378372,11649.46599585291
95,27,519.5258483551729,5343.341648831202
95,28,342.39783867642507,5499.929184862597
95,29,1056.344261198646,13408.82231019725
95,30,605.5452000539161,8597.772619017962
95,31,454.83715538283707,4813.491820697668
95,32,572.0735404659629,7344.956842747007
95,33,438.23751478832395,4478.507786327483
95,34,195.73594249636028,1413.9326722561748
95,35,305.3313895585328,4126.863446086151
95,36,1016.3075834318495,12485.40062559835
95,37,841.8655216519355,9994.277924011452
95,38,938.9863860049313,12650.383742084085
95,39,1065.7229703647386,13228.039252589098
95,40,705.5737783356823,7846.118283100197
95,41,649.9473487279389,8241.3612241827
95,42,915.3190178431173,9330.263660025646
95,43,543.2566549788811,6622.249088017128
95,44,500.26639658635315,5614.795656373289
95,45,565.4886414439134,6905.5506011436855
95,46,569.6803625013728,6452.5889989218085
95,47,332.33313610641335,1686.8824308427636
95,48,830.9558150263283,10622.469992073353
95,49,1289.2847955277218,17331.89896171335
95,50,861.2068789919272,12372.787636593084
95,51,1068.4905865874634,14591.5865386387
95,52,384.68677969269675,3486.1639328202573
95,53,389.11839534639114,2686.8510955193997
95,54,941.5157611017632,13607.84743770383
95,55,809.7784088285583,11975.530913795945
95,56,694.3714231097066,9232.777192754034
95,57,693.6064209778795,8048.925367718809
95,58,522.893050850512,7606.996567622786
95,59,262.71444009647485,2540.3365992109666
95,60,327.9721051451858,1893.0513477953032
95,61,382.2355175215464,2977.53511374757
95,62,577.786130333814,5793.489263521781
95,63,1077.906542868336,14284.848592408178
95,64,1065.7229703647386,13298.441034255518
95,65,54.62712342675738,734.5535800894986
95,66,595.3710074698528,7558.889207445378
95,67,1213.9489684230102,16733.336684908063
95,68,775.7198424929321,8795.233821257234
95,69,832.9984205271955,11115.466863691152
95,70,803.5617033336046,8801.42448076189
95,71,474.7799474335563,4945.648818602025
95,72,618.8767926999793,7974.79354598101
95,73,656.8561378499206,7573.582823113644
95,74,431.51182730974944,5473.512445964825
95,75,558.4387966466852,5188.526455149779
95,76,802.7393822590583,10642.32353335448
95,77,936.7417402316728,12656.878149569004
95,78,759.3259399519034,8792.785528868151
95,79,1020.1231469943571,13588.179793171454
95,80,1325.8068861771117,17383.86989449356
95,81,803.8820765026419,9401.412792423676
95,82,400.50798122433054,5341.119518013119
95,83,1182.7743484932782,16358.333870324583
95,84,308.45594824793676,3753.356871660631
95,85,402.32472056985114,1412.9048391793083
95,86,902.3400861699301,11330.929675432428
95,87,749.9587790301536,10138.930106928414
95,88,468.17413543031233,3950.1087742826126
95,89,720.0898064577243,9130.266846837874
95,90,661.4381169943355,6928.990626542088
95,91,288.66284775719225,3178.6069439885964
95,92,239.89254602794986,1374.658485704921
95,93,611.5619578667421,7292.038199330911
95,94,294.6000926769707,1567.8049868007065
95,95,0,0.0
95,96,425.4978477861445,1387.759214725537
95,97,985.2837795547453,13656.656614479476
95,98,638.9975134242445,6282.665081877944
95,99,341.51662715466915,2143.4363809351767
95,100,1160.0414216200672,16048.539792512664
96,0,1297.7600103625646,17943.40078793064
96,1,754.164846825506,8953.164354010707
96,2,1193.7288894960952,15958.555740024363
96,3,302.1633923050339,2264.6263888407925
96,4,878.666156944619,10794.568481085797
96,5,839.3950234092819,11391.058784147706
96,6,1225.1179965685967,16741.700698693505
96,7,821.9292582995095,11454.458360721392
96,8,619.7256644454485,7912.382676257927
96,9,1009.0207215222472,14700.552119819142
96,10,343.48052823429816,2885.378189050208
96,11,767.7161580298248,10438.373361584125
96,12,1066.4291130195188,14965.700506477342
96,13,803.1130297220772,12589.28421131308
96,14,1158.6910095880605,15299.034487027824
96,15,457.0233223507371,3805.741797071365
96,16,935.0419083964033,12048.119199672243
96,17,768.6360988301288,8004.476079932587
96,18,798.512388106753,10982.32156198662
96,19,690.9252922782144,7522.398356139353
96,20,793.2483830349875,9713.68863972823
96,21,886.9673269058335,10327.304815673982
96,22,490.38386074786564,4480.378245790399
96,23,549.1768576518625,6100.375070144976
96,24,1043.675933134349,12980.519366918732
96,25,948.5892212716466,12683.892252966776
96,26,1035.8257549914815,12742.974388743574
96,27,603.0320880088171,6698.461226277983
96,28,464.5040783300695,6660.558344017579
96,29,1170.2505008522924,14638.887817210027
96,30,727.6514397075604,9892.046495962795
96,31,538.3433950364814,5983.062815580879
96,32,694.1797801196075,8533.202068579005
96,33,521.7437544419682,5695.389551435724
96,34,352.24218215000457,1747.7943530434861
96,35,427.4376292121772,5217.4377078444195
96,36,1099.8138230854936,13736.833821942719
96,37,925.3717613055799,11075.04397823181
96,38,1022.4926256585755,13892.530902315715
96,39,1164.4292100183823,14610.011297019037
96,40,753.5800179893268,8722.757788371951
96,41,733.4535883815832,9389.803552144673
96,42,998.8252574967614,10714.806225402632
96,43,626.7628946325256,7665.853048663211
96,44,482.3726362399974,5981.91342721784
96,45,648.9948810975577,8099.22834047248
96,46,691.7866021550168,7298.589624372374
96,47,325.4393757600576,2593.955941081927
96,48,813.0620546799727,11306.957861043964
96,49,1405.3910351813656,18675.04758377666
96,50,959.9131186455711,13760.49074024665
96,51,1167.1968262411071,15977.943545223661
96,52,366.79301934634094,3744.126568647882
96,53,177.62463500003543,2179.4289981691913
96,54,1057.6220007554068,14936.524787109369
96,55,931.8846484822028,13324.056374732398
96,56,777.8776627633508,10574.858436092889
96,57,815.7126606315239,9373.203271599978
96,58,644.9992905041565,8638.795249711124
96,59,473.5206797501192,3919.7668924946224
96,60,276.07834479883,2538.8807416809514
96,61,364.3417571751906,3480.565374641826
96,62,559.8923699874582,6388.7012326043205
96,63,1175.2127825219814,15495.22300260442
96,64,1164.4292100183823,14682.060832021336
96,65,218.83623656559365,1065.6584957755313
96,66,781.4772471234971,8906.032850298383
96,67,1330.0552080766543,18041.502648481804
96,68,790.238628971878,9603.542506326574
96,69,916.5046601808398,12447.189744197636
96,70,928.1679429872484,10183.110875481043
96,71,558.2861870872006,6134.100585548544
96,72,702.3830323536237,9144.198436947052
96,73,778.9623775035651,8941.142605531937
96,74,553.6180669633939,6353.724026553183
96,75,641.9450363003294,6559.393044303164
96,76,901.4456219127022,12029.196845398417
96,77,918.8479798853169,13472.586858718565
96,78,741.4321796055475,9543.58350984046
96,79,1103.6293866480016,14778.602560626841
96,80,1441.9131258307555,18720.87024137727
96,81,887.3883161562864,10355.648137087808
96,82,522.6142208779751,6054.956270862355
96,83,1298.880588146922,17711.821826022246
96,84,427.262187901581,4181.942533355117
96,85,451.3309602234955,2417.1714175217962
96,86,884.4463258235743,12146.826855521242
96,87,833.4650186837978,11505.717921534795
96,88,450.2803750839565,4386.682864429879
96,89,803.5960461113685,10517.503789151813
96,90,717.3443566479802,7814.780289853789
96,91,491.1690874108367,4288.126781896853
96,92,296.96065033885395,1280.5627762320448
96,93,797.6681975203865,8627.474184822695
96,94,311.50633233061495,2569.1843666745904
96,95,411.9978477861444,1387.759214725537
96,96,0,0.0
96,97,1082.5900192083907,14891.266129066646
96,98,693.8037530778895,7206.846515018703
96,99,331.2228668083134,2989.646219067198
96,100,1276.147661273711,17407.31610247957
97,0,423.6459421311675,5933.3191444556305
97,1,525.6159459974563,7065.070628742325
97,2,133.21482126469618,1135.3276856848256
97,3,893.8144914769844,13337.70272739754
97,4,354.91725611656886,4462.421521446584
97,5,903.4461225812321,14838.539244854495
97,6,245.30392833719839,2626.433306608193
97,7,546.9803574714603,8210.872556776212
97,8,749.0767636173987,7028.060723338248
97,9,310.0718206941986,4418.224938045399
97,10,757.3316274062487,12068.793132036066
97,11,831.767257201775,15270.470179385935
97,12,213.72100997601385,2472.036223986126
97,13,527.8641288940283,7941.092092149048
97,14,98.1769413566611,831.7644521973534
97,15,855.2744215226867,12596.544012181885
97,16,228.94827999253712,3056.375276492547
97,17,639.7871980020791,9788.596741597155
97,18,456.96348727870344,6313.705197959491
97,19,637.1763914501645,12452.486383781945
97,20,466.4994822069379,9875.883409744878
97,21,483.71607291255305,5870.571287744935
97,22,810.0349599198162,10988.330978572225
97,23,664.2366905878804,8826.085848489402
97,24,280.1168140086637,4082.664283876335
97,25,143.84032044359637,2242.064562219093
97,26,231.87685416343152,3242.2728685230436
97,27,653.7831871807675,8588.6345725119
97,28,715.6551775020193,12427.457929615673
97,29,86.71742993209551,269.6593149226343
97,30,673.8858554346536,10648.188171485806
97,31,652.3944942084319,8920.700732212112
97,32,642.4308792915573,12128.504402529377
97,33,617.5895812547623,9196.671901107304
97,34,955.8932813219543,14628.215103717208
97,35,730.7440377214538,13009.452754109716
97,36,175.96492225744322,1221.4019705121648
97,37,378.32286047753007,4495.257890472187
97,38,81.74372483052524,1016.326831081104
97,39,703.0803091903325,7865.20599058261
97,40,587.0266915397465,7466.313160329937
97,41,399.10468755353344,5628.7939902734115
97,42,640.4763566687122,7680.945635008624
97,43,548.0139938044756,7549.950177215715
97,44,865.3378333419367,11205.935508771832
97,45,519.645980269508,6804.370661122049
97,46,876.5377013269674,14655.056485861272
97,47,779.190474932008,12347.68461495857
97,48,540.613153851923,7886.895360626882
97,49,438.3769669499683,5126.299382195202
97,50,461.927856882145,6403.81646003078
97,51,506.2479177040437,6366.426312529586
97,52,929.0441185182913,12401.199285022813
97,53,1077.875734171986,16124.755099908118
97,54,222.52812224077132,2582.8089650433317
97,55,602.4357476541538,9501.427806679534
97,56,402.03511329536485,5070.886435905608
97,57,488.9637598034744,10108.061295366919
97,58,812.6503896761066,13656.525205262149
97,59,843.7717789220698,11705.72511965488
97,60,815.9681289036884,12559.155252021383
97,61,873.4928563471411,12068.81360739287
97,62,812.8375219490114,10140.131114699563
97,63,114.69871429058188,817.8920131045114
97,64,703.0803091903325,7691.261273506125
97,65,883.587335737544,13831.031378626572
97,66,592.7283462954474,9699.475993495264
97,67,315.1411398452562,3759.3903343975694
97,68,611.7897281438281,7401.178094766328
97,69,257.4557593527902,3492.219986210534
97,70,569.7915636215089,8077.106162709155
97,71,652.7555661970703,8761.397323525664
97,72,388.7643581884305,5811.262958197271
97,73,474.41347667551554,9130.489720075477
97,74,821.5691661353438,14219.275434659121
97,75,670.19613547228,8885.679236211576
97,76,446.70970800522485,6258.226402474474
97,77,412.22574093796754,6445.834242048756
97,78,730.5832787774975,7827.720658735707
97,79,82.12588321748558,936.5384270641106
97,80,441.2114976743022,4983.791530458597
97,81,488.8394153282365,5941.195236720261
97,82,907.2653200499249,14982.448066862398
97,83,397.6665199155245,4785.608711233242
97,84,937.8132870735305,15369.208688740619
97,85,1141.1820593954455,13708.65682180921
97,86,415.3974249955254,6513.005464085568
97,87,368.1161178557484,5068.7508167553115
97,88,869.4314742559069,11682.457135606961
97,89,462.047145283319,6873.561369200933
97,90,637.6954558199301,8039.568382833556
97,91,778.1201865827862,13049.657938760965
97,92,981.5498848535441,14896.952816673806
97,93,608.9192966923367,10025.803020552965
97,94,784.9574315025656,12337.692060434829
97,95,966.5489469580943,13656.656614479476
97,96,1056.1551866117393,14891.266129066646
97,97,0,0.0
97,98,693.1548522498392,8344.024164152943
97,99,780.3739659802638,12028.39096951402
97,100,400.2335930423137,4819.737053124496
98,0,975.4596760006665,12828.704200343813
98,1,412.16395099210274,5406.251373371191
98,2,805.5285551341951,9284.457212054236
98,3,489.6630579431343,5250.992503809574
98,4,425.965822582719,3906.66172599251
98,5,999.5941275758786,12969.058472725872
98,6,900.6176622066974,10640.148316047093
98,7,486.7289239376104,4873.994196284827
98,8,277.72476861204507,3022.1488761325436
98,9,667.0198256888449,9743.410272001924
98,10,328.079632400895,4360.143714081817
98,11,927.9152621964215,12661.356663032624
98,12,724.4282171861166,9201.299502198304
98,13,538.2126953601784,5872.883383712153
98,14,770.4906752261604,8561.839957787899
98,15,514.3224265173337,6567.6564560631505
98,16,593.0410125629999,6088.853637503871
98,17,607.1488371317996,7084.04164822168
98,18,456.51149227335,7212.911915186246
98,19,733.324396444811,8936.952138025516
98,20,562.6474872015843,8611.382622063737
98,21,323.3669925439337,3123.629964792864
98,22,380.7829649144624,4971.264223740696
98,23,182.3846955825267,1894.947364285318
98,24,559.3755987724501,5798.06181009108
98,25,560.3888869097465,6120.0016067941215
98,26,581.7254206295814,5693.108844463474
98,27,318.7311921754139,3966.020836629587
98,28,707.7031824966655,8337.540174702426
98,29,782.0501664903911,8075.387573513904
98,30,770.0338604292996,9298.882504266527
98,31,214.24249920307827,2124.048587832005
98,32,738.5788842862038,9378.3351257546
98,33,188.33758624940867,2582.4423968625033
98,34,553.6412863166013,7592.98471392525
98,35,630.9920427161007,7904.785670720125
98,36,711.6134887235935,7360.592380784287
98,37,436.3714269436802,4038.3474389626226
98,38,634.2922912966754,7442.482205832062
98,39,822.4283141849788,11275.43866567912
98,40,164.97968362742716,1579.690808984277
98,41,311.73705518557125,2804.5678992872563
98,42,656.8243616633586,7915.525412781411
98,43,118.86199879912215,936.3661833929981
98,44,310.28639980808686,3007.8980159747553
98,45,228.5665920446721,2296.6687381209754
98,46,934.9857063216131,10431.603705422867
98,47,349.9384799266544,4649.97320426375
98,48,435.2927691061846,4606.2973740198195
98,49,1081.2907008194677,12941.959885140373
98,50,617.9122228121679,9869.577533116013
98,51,825.1959304077038,11610.682422599588
98,52,407.4926849844411,4110.551150547606
98,53,648.6237391666323,8969.181736671904
98,54,715.6211049220045,9215.924403475445
98,55,681.5837526488,11164.19509902574
98,56,435.87676692994756,5663.383894569141
98,57,585.1117647981208,8507.405942645799
98,58,880.998394670753,10531.414397185059
98,59,414.5197839167158,5501.185639338058
98,60,386.7161338983347,4674.120948085408
98,61,384.2282445075471,3911.2282777064665
98,62,218.08608841516147,1935.0982805596698
98,63,787.0124481600811,8793.469617195455
98,64,822.4283141849788,11244.468777769245
98,65,454.3353407321905,6170.691518682132
98,66,652.1763512900937,7803.753450762599
98,67,985.6548737147555,11924.983516033459
98,68,235.12574778467697,2600.3178224679655
98,69,574.5037643474366,7021.956782624099
98,70,580.5395686161552,7699.262236777794
98,71,184.90357119171665,2181.5718028914707
98,72,288.68269799172384,2751.92022401324
98,73,570.5614816701619,7368.571741628687
98,74,796.8171711299901,9573.874842657713
98,75,357.64414046692633,4302.080487118958
98,76,559.4447260792989,8240.64065922409
98,77,485.24764552341765,6400.081897562957
98,78,270.6318452436477,2724.173982174105
98,79,715.4290522861012,8005.336936364724
98,80,1117.8127914688575,12901.526693495638
98,81,323.7879817943866,3149.0871487768027
98,82,765.8133250445713,9977.726753672707
98,83,974.7802537850237,12186.520886176188
98,84,693.0612920681779,9312.048773287457
98,85,711.9300643900924,6967.2773255829525
98,86,401.14599146167546,5082.027424252619
98,87,491.464122850395,6917.903997372889
98,88,342.88004072205666,3366.2912727721678
98,89,461.59515027796556,7129.019479961897
98,90,120.84402228608045,679.3035137563592
98,91,570.3681915774332,7364.078203693418
98,92,579.2978898481911,7656.313804743447
98,93,668.3673016869831,7831.069585771914
98,94,355.70543649721185,4728.54121183572
98,95,550.4969519527411,6282.665081877944
98,96,626.9031916063858,7206.846515018703
98,97,694.3896848464905,8344.024164152943
98,98,0,0.0
98,99,351.12197097491025,4224.472939686006
98,100,952.0473269118128,11995.003833928295
99,0,1032.7787897310907,15518.646771240192
99,1,489.18362619403086,6690.222098260907
99,2,928.7476688646198,13071.060716935921
99,3,152.1821716735586,1469.1107761473045
99,4,613.6849363131435,7835.657787922527
99,5,809.2138027778064,11378.94871543907
99,6,960.1367759371215,14009.1488415207
99,7,709.6480376680347,8664.327996642509
99,8,354.7444438139732,5187.9020489235645
99,9,744.0395008907725,12273.12202572811
99,10,38.5937485522392,240.40417235326663
99,11,737.5349373983494,10692.215808912204
99,12,801.4478923880442,12307.670503080999
99,13,690.8318090906024,9773.954191185661
99,14,893.709788956585,12393.66301859466
99,15,364.8421017192619,3560.235710695802
99,16,670.060687764928,9290.538667586929
99,17,513.5685123337279,6606.357737488928
99,18,533.531167475278,8794.970314908705
99,19,660.7440716467391,7165.13476316819
99,20,626.5671624035123,8411.579059537431
99,21,621.9861062743582,7340.549411970487
99,22,287.20264011639034,2906.066313719268
99,23,284.1956370203873,3203.1850850426504
99,24,826.3844942052381,9990.87779317492
99,25,683.6080006401711,9799.553076527049
99,26,770.8445343600059,9767.509560662857
99,27,338.05086737734194,4365.852023413021
99,28,434.32285769859425,6337.502165120232
99,29,905.2692802208157,11770.4319721694
99,30,697.4702190760851,8816.577625643831
99,31,273.3621744050062,3124.059472128359
99,32,663.9985594881322,7994.44088821655
99,33,256.7625338104931,2932.5565895256923
99,34,322.06096151852927,3541.203174840082
99,35,397.256408580702,5256.333326069362
99,36,834.8326024540182,10905.234911205982
99,37,660.3905406741046,8097.375755509914
99,38,757.5114050271001,11044.969394381784
99,39,899.4479893869074,12712.31188545962
99,40,505.1987973578518,5760.257834797964
99,41,468.472367750108,6456.679481121381
99,42,733.8440368652866,8837.471213885729
99,43,361.7816740010502,4684.013188088505
99,44,336.40551353851134,3593.299354498925
99,45,384.01366046608257,5227.146790415287
99,46,661.6053815235417,7834.259797868768
99,47,46.9581551285824,457.1966030661463
99,48,700.7808340484972,8481.324890805103
99,49,1140.409814549891,16066.030246431757
99,50,694.9318980140961,11647.548442925832
99,51,902.2156056096323,13763.253784288378
99,52,171.1117987148656,1769.5117946720447
99,53,350.74341436856,4803.582991371332
99,54,792.6407801239321,12290.292457178915
99,55,758.6034278507283,11810.225719917042
99,56,512.8964421318757,8032.06931911926
99,57,649.0314400000487,8140.957130082368
99,58,614.8180698726812,8622.45092307856
99,59,298.539459118644,2830.9979740133763
99,60,51.33580910026269,542.2461670156459
99,61,108.86053654371531,1057.0951874607788
99,62,341.4111493559829,3661.1858256005467
99,63,910.2315618905058,12598.993571582161
99,64,899.4479893869074,12750.465607325372
99,65,158.15501593411835,1946.2198082715436
99,66,558.596026492022,7532.168466995002
99,67,1065.0739874451792,15314.622844458065
99,68,593.6574083404028,6679.65306065833
99,69,651.5234395493645,9833.703717193352
99,70,663.1867223557737,8382.60988292909
99,71,293.30496645572543,3298.6673098029146
99,72,437.4018117221484,6232.287537381757
99,73,559.8846996478923,7379.997267378343
99,74,523.4368463319188,6856.502830683597
99,75,376.96381566885435,4365.8870234941405
99,76,636.4644012812272,9886.462507341994
99,77,806.5667592538422,10548.908320524166
99,78,544.8509589740722,6660.324864959931
99,79,838.6481660165258,11862.765768163494
99,80,1176.931905199281,16086.220227387248
99,81,622.4070955248111,7370.938057324499
99,82,492.4330002464997,6944.165993318895
99,83,1033.8993675154472,15156.7645843004
99,84,437.2809672701058,5684.13550404218
99,85,421.1497395920202,3195.331236554032
99,86,741.3651051920998,9221.7334857074
99,87,568.483798052323,9094.213325485445
99,88,197.29915445248122,1959.6005220442285
99,89,538.6148254798936,8426.331620042907
99,90,461.063136016505,4846.362599556869
99,91,408.68786677936123,4397.3832982096255
99,92,301.67942970737874,3503.261351980725
99,93,574.7869768889113,7353.926812136255
99,94,83.62511169913978,613.6212732373837
99,95,353.21662715466925,2143.4363809351767
99,96,329.02286680831355,2989.646219067198
99,97,817.6087985769151,12028.39096951402
99,98,438.6225324464137,4224.472939686006
99,99,0,0.0
99,100,1011.1664406422364,14883.356550393104
100,0,165.40156881518402,1133.399995123136
100,1,717.1084206594298,8508.65642729482
100,2,449.37246333001895,4889.980629879366
100,3,1094.406966138958,16324.038610787627
100,4,630.3097307785423,8530.357797021437
100,5,1094.9385972432058,13844.221278071
100,6,251.5615704025209,2444.864982544359
100,7,822.3728321334341,12906.59911851295
100,8,1002.1692382793724,9725.336692286783
100,9,284.26429535617217,2794.4758289486176
100,10,957.9241020682223,14853.571188999478
100,11,1023.2597318637488,14639.189483083703
100,12,216.87865204133638,2843.4763096282754
100,13,803.2566035560021,12728.333301347506
100,14,414.3345834219837,5373.81641353196
100,15,1046.7668961846607,14329.024810104997
100,16,541.1854822303268,5910.132135983882
100,17,831.2796726640527,10468.822992768019
100,18,648.455961940677,6686.980871870976
100,19,828.6688661121383,12838.191743127087
100,20,657.9919568689116,9700.066668033063
100,21,759.1085475745266,10201.5996173732
100,22,1020.250259186266,13021.619780447603
100,23,863.8204314857866,11828.38511530862
100,24,555.5092886706371,8859.773649243942
100,25,419.23279510556983,6330.567810371384
100,26,507.26932882540495,7912.954777945153
100,27,868.8756618427412,10708.896004283835
100,28,907.1476521639931,13136.193364771772
100,29,409.2940746862148,5011.7473558616475
100,30,865.3783300966269,10265.393579862197
100,31,852.9869688704055,11840.293223708843
100,32,833.9233539535311,12157.132900058388
100,33,818.1820559167359,11957.832024997153
100,34,1147.3857559839273,16696.13015782198
100,35,922.2365123834276,14163.138409611809
100,36,390.1573969194167,5085.690423984114
100,37,653.7153351395035,8776.904908114464
100,38,357.13619949249863,5153.296703714121
100,39,542.4707684709999,5302.049726165715
100,40,862.41916620172,11542.479890618484
100,41,674.4971622155069,9212.120353105522
100,42,803.5688313306855,7571.507428557342
100,43,823.4064684664492,11081.399815939627
100,44,1113.1303080039106,15000.08296658585
100,45,795.0384549314815,9933.96333847227
100,46,1068.0301759889414,15044.085683882793
100,47,979.7829495939816,15095.25780438577
100,48,816.0056285138969,12562.556876752864
100,49,168.8346090152909,1537.5523683488307
100,50,413.9203315441185,4662.064082065006
100,51,272.63837698471116,2929.831463993535
100,52,1136.2365931802647,15706.818367249993
100,53,1278.4682088339605,18143.887782994145
100,54,225.68576430609386,2807.173710748486
100,55,695.528222316127,7576.5439938332465
100,56,583.527587957338,6857.960663332001
100,57,680.4562344654481,10049.401844100756
100,58,1004.1428643380804,13583.744362925567
100,59,1044.3642535840431,13689.565397322802
100,60,1016.560603565662,15423.906945424202
100,61,1074.0853310091143,15215.034035084016
100,62,1081.1299966109855,13920.646906400094
100,63,430.8563563559045,5152.107354700599
100,64,542.4707684709999,5093.444778848259
100,65,1084.1798103995175,16411.616332433656
100,66,784.220820957421,9957.831307868199
100,67,244.58756804434208,2401.255224148776
100,68,887.1822028058015,11743.92096434328
100,69,438.9482340147635,5073.752708564356
100,70,738.6840382834822,8144.68468047763
100,71,872.9297609211246,11647.79206317067
100,72,664.156832850404,9243.518144118472
100,73,665.905951337489,9535.675605065453
100,74,1013.0616407973176,14915.634020514215
100,75,892.4886101342535,10865.422781292975
100,76,534.6021826671983,5870.7255152889575
100,77,711.0182155999412,11264.78406770288
100,78,1005.9757534394711,12197.918744058301
100,79,398.2835252828082,5728.972260291119
100,80,219.7566996646806,1757.791169418782
100,81,764.23188999021,10295.926337252953
100,82,1098.7577947118984,15775.543601249303
100,83,32.124161980847,431.4979334746104
100,84,1129.3057617355041,16739.83735924516
100,85,1341.774534057419,15691.312399047578
100,86,690.7898996574988,11260.305951211636
100,87,554.108592517722,5920.237444577184
100,88,1105.2239489178808,15075.650798924049
100,89,653.5396199452925,7266.626076394059
100,90,913.0879304819039,11888.374416356013
100,91,969.61266124476,14517.823943790381
100,92,1173.0423595155166,17079.517452340264
100,93,800.4117713543103,10338.048303749814
100,94,985.5499061645392,15026.322472506978
100,95,1158.0414216200681,16048.539792512664
100,96,1256.7476612737134,17407.31610247957
100,97,338.2335930423136,4819.737053124496
100,98,968.547326911813,11995.003833928295
100,99,980.9664406422374,14883.356550393104
100,100,0,0.0
